4 0.114844 0.711458 0.042188 0.031250
4 0.206250 0.668750 0.021875 0.050000
4 0.283594 0.663542 0.020313 0.047917
4 0.314844 0.692708 0.026562 0.031250
4 0.426563 0.645833 0.031250 0.041667
4 0.506250 0.689583 0.037500 0.091667
4 0.534375 0.710417 0.037500 0.104167
4 0.656250 0.608333 0.028125 0.029167
4 0.815625 0.590625 0.028125 0.039583
4 0.959375 0.638542 0.046875 0.077083
0 0.896094 0.584375 0.039062 0.035417
0 0.711719 0.616667 0.032813 0.041667
0 0.635938 0.671875 0.046875 0.064583
0 0.558594 0.621875 0.026562 0.031250
0 0.316406 0.776042 0.139063 0.143750
