4 0.231250 0.895833 0.071875 0.187500
4 0.574219 0.784375 0.026562 0.102083
4 0.646875 0.803125 0.040625 0.160417
4 0.707812 0.680208 0.028125 0.097917
4 0.708594 0.676042 0.054688 0.068750
4 0.758594 0.636458 0.032813 0.064583
4 0.800781 0.689583 0.039062 0.075000
4 0.888281 0.666667 0.045312 0.079167
4 0.957031 0.893750 0.082812 0.183333
0 0.299219 0.735417 0.051562 0.070833
0 0.764062 0.694792 0.046875 0.060417
0 0.801562 0.652083 0.040625 0.033333
0 0.840625 0.682292 0.046875 0.056250
0 0.937500 0.677083 0.071875 0.108333
0 0.992188 0.627083 0.015625 0.125000
