4 0.344531 0.810417 0.054688 0.137500
4 0.651563 0.746875 0.043750 0.135417
4 0.595313 0.742708 0.015625 0.093750
4 0.879687 0.798958 0.081250 0.122917
4 0.701562 0.666667 0.025000 0.079167
4 0.704688 0.666667 0.043750 0.054167
4 0.753125 0.627083 0.021875 0.041667
4 0.771875 0.657292 0.028125 0.043750
4 0.855469 0.664583 0.029687 0.062500
4 0.981250 0.646875 0.021875 0.093750
0 0.354687 0.712500 0.040625 0.045833
0 0.746094 0.673958 0.039062 0.043750
0 0.810156 0.663542 0.051562 0.039583
0 0.900000 0.662500 0.059375 0.087500
0 0.970313 0.585417 0.059375 0.058333
