4 0.304688 0.905208 0.071875 0.185417
4 0.428906 0.700000 0.054688 0.050000
4 0.446875 0.700000 0.028125 0.083333
4 0.467969 0.675000 0.035937 0.070833
4 0.579688 0.785417 0.056250 0.137500
4 0.580469 0.706250 0.032813 0.079167
4 0.620313 0.691667 0.053125 0.066667
4 0.764062 0.666667 0.040625 0.070833
4 0.930469 0.788542 0.092188 0.131250
0 0.064062 0.765625 0.056250 0.068750
0 0.515625 0.690625 0.040625 0.056250
0 0.533594 0.720833 0.045312 0.058333
0 0.685937 0.680208 0.087500 0.077083
0 0.714844 0.645833 0.064062 0.070833
0 0.778125 0.658333 0.018750 0.054167
