0 0.750781 0.646875 0.051562 0.068750
0 0.772656 0.583333 0.054688 0.058333
0 0.572656 0.560417 0.020313 0.033333
0 0.481250 0.569792 0.025000 0.027083
0 0.322656 0.575000 0.023438 0.033333
4 0.404687 0.570833 0.021875 0.029167
4 0.185938 0.601042 0.021875 0.052083
4 0.164062 0.631250 0.043750 0.029167
4 0.269531 0.591667 0.017188 0.054167
4 0.289062 0.587500 0.021875 0.037500
4 0.291406 0.609375 0.020313 0.047917
4 0.647656 0.573958 0.020313 0.056250
4 0.706250 0.572917 0.018750 0.054167
0 0.634375 0.575000 0.025000 0.037500
4 0.752344 0.553125 0.017188 0.010417
