4 0.251563 0.843750 0.046875 0.162500
4 0.565625 0.925000 0.131250 0.141667
4 0.179688 0.822917 0.037500 0.100000
4 0.331250 0.728125 0.028125 0.081250
4 0.332813 0.722917 0.053125 0.066667
4 0.396875 0.676042 0.031250 0.060417
4 0.414062 0.728125 0.031250 0.052083
4 0.523438 0.719792 0.050000 0.081250
4 0.685937 0.697917 0.031250 0.087500
0 0.676562 0.641667 0.081250 0.020833
0 0.728906 0.684375 0.039062 0.060417
0 0.657813 0.677083 0.034375 0.083333
0 0.576562 0.722917 0.084375 0.120833
0 0.471875 0.726042 0.062500 0.056250
0 0.428906 0.704167 0.042188 0.054167
0 0.380469 0.730208 0.042188 0.039583
