4 0.402344 0.781250 0.045312 0.125000
4 0.555469 0.720833 0.035937 0.116667
4 0.557031 0.689583 0.035937 0.079167
4 0.592969 0.678125 0.039062 0.052083
4 0.700781 0.658333 0.026562 0.070833
4 0.791406 0.721875 0.060937 0.093750
4 0.463281 0.663542 0.020313 0.052083
4 0.453125 0.666667 0.021875 0.050000
4 0.428906 0.682292 0.026562 0.031250
0 0.641406 0.648958 0.076563 0.031250
0 0.669531 0.638542 0.048438 0.043750
0 0.717187 0.657292 0.018750 0.043750
0 0.499219 0.665625 0.035937 0.018750
0 0.517188 0.688542 0.031250 0.039583
0 0.160938 0.729167 0.043750 0.058333
