4 0.218750 0.740625 0.031250 0.085417
4 0.239063 0.683333 0.018750 0.033333
4 0.281250 0.688542 0.025000 0.039583
4 0.321094 0.689583 0.032813 0.041667
4 0.365625 0.862500 0.068750 0.166667
4 0.471875 0.827083 0.084375 0.116667
4 0.620313 0.779167 0.040625 0.137500
4 0.498437 0.677083 0.018750 0.066667
4 0.976562 0.796875 0.046875 0.127083
0 0.126562 0.857292 0.084375 0.114583
0 0.285938 0.830208 0.068750 0.110417
0 0.350000 0.742708 0.090625 0.072917
0 0.425000 0.741667 0.050000 0.066667
0 0.585938 0.758333 0.040625 0.087500
0 0.803125 0.745833 0.134375 0.150000
0 0.900781 0.830208 0.092188 0.139583
