4 0.332813 0.806250 0.050000 0.154167
4 0.546094 0.808333 0.076563 0.091667
4 0.746094 0.781250 0.054688 0.145833
4 0.687500 0.640625 0.028125 0.027083
4 0.743750 0.646875 0.018750 0.056250
4 0.882812 0.632292 0.015625 0.068750
4 0.949219 0.684375 0.032813 0.106250
4 0.907813 0.808333 0.046875 0.183333
0 0.651563 0.655208 0.075000 0.047917
0 0.697656 0.682292 0.039062 0.060417
0 0.746094 0.687500 0.054688 0.041667
0 0.842187 0.670833 0.062500 0.087500
0 0.717969 0.645833 0.032813 0.050000
0 0.903125 0.650000 0.034375 0.054167
0 0.982812 0.629167 0.034375 0.066667
