4 0.140625 0.871875 0.071875 0.172917
4 0.392969 0.867708 0.098437 0.122917
4 0.608594 0.807292 0.064062 0.164583
4 0.716406 0.711458 0.039062 0.110417
4 0.841406 0.810417 0.051562 0.183333
4 0.494531 0.689583 0.045312 0.045833
4 0.553125 0.642708 0.028125 0.022917
4 0.412500 0.686458 0.040625 0.056250
4 0.336719 0.687500 0.014063 0.058333
0 0.301563 0.698958 0.059375 0.081250
0 0.366406 0.676042 0.039062 0.027083
0 0.367969 0.703125 0.039062 0.027083
0 0.475000 0.726042 0.046875 0.052083
0 0.556250 0.704167 0.075000 0.091667
0 0.600781 0.680208 0.029687 0.052083
0 0.667188 0.670833 0.037500 0.066667
