4 0.531250 0.667708 0.034375 0.039583
4 0.582812 0.640625 0.037500 0.052083
4 0.694531 0.692708 0.045312 0.068750
4 0.724219 0.633333 0.020313 0.045833
4 0.713281 0.612500 0.023438 0.037500
4 0.790625 0.623958 0.031250 0.031250
4 0.869531 0.653125 0.035937 0.102083
4 0.914062 0.670833 0.043750 0.083333
4 0.925000 0.682292 0.031250 0.110417
0 0.456250 0.741667 0.053125 0.079167
0 0.520312 0.750000 0.112500 0.137500
0 0.631250 0.679167 0.075000 0.087500
0 0.742188 0.677083 0.050000 0.070833
0 0.786719 0.667708 0.042188 0.072917
0 0.832812 0.690625 0.053125 0.072917
