4 0.459375 0.732292 0.037500 0.097917
4 0.539062 0.717708 0.053125 0.060417
4 0.636719 0.694792 0.029687 0.077083
4 0.629687 0.642708 0.025000 0.064583
4 0.843750 0.714583 0.056250 0.079167
4 0.397656 0.683333 0.017188 0.066667
4 0.425781 0.639583 0.014063 0.012500
4 0.457813 0.648958 0.031250 0.027083
4 0.488281 0.639583 0.023438 0.029167
0 0.323437 0.735417 0.050000 0.070833
0 0.427344 0.726042 0.045312 0.077083
0 0.485938 0.675000 0.065625 0.050000
0 0.547656 0.664583 0.045312 0.041667
0 0.764844 0.728125 0.060937 0.085417
0 0.769531 0.671875 0.079687 0.102083
