4 0.148438 0.795833 0.040625 0.120833
4 0.287500 0.786458 0.062500 0.085417
4 0.422656 0.783333 0.042188 0.129167
4 0.461719 0.925000 0.120313 0.150000
4 0.495312 0.661458 0.018750 0.039583
4 0.368750 0.670833 0.028125 0.020833
4 0.540625 0.656250 0.028125 0.033333
4 0.582031 0.643750 0.029687 0.016667
4 0.647656 0.663542 0.020313 0.056250
4 0.728906 0.632292 0.023438 0.027083
0 0.101562 0.772917 0.046875 0.079167
0 0.221875 0.773958 0.056250 0.093750
0 0.360938 0.741667 0.078125 0.095833
0 0.334375 0.904167 0.106250 0.141667
0 0.502344 0.716667 0.039062 0.054167
0 0.523438 0.753125 0.050000 0.068750
0 0.590625 0.785417 0.121875 0.175000
