4 0.328906 0.818750 0.051562 0.145833
4 0.575000 0.858333 0.103125 0.133333
4 0.689844 0.686458 0.039062 0.072917
4 0.762500 0.741667 0.034375 0.129167
4 0.850000 0.675000 0.028125 0.095833
4 0.943750 0.684375 0.059375 0.064583
4 0.953906 0.811458 0.051562 0.202083
4 0.910937 0.928125 0.106250 0.143750
4 0.980469 0.881250 0.039062 0.170833
0 0.081250 0.902083 0.159375 0.191667
0 0.128906 0.877083 0.051562 0.112500
0 0.533594 0.746875 0.135937 0.072917
0 0.692969 0.838542 0.092188 0.135417
0 0.767188 0.917708 0.121875 0.135417
0 0.813281 0.802083 0.110937 0.116667
