4 0.151562 0.757292 0.034375 0.106250
4 0.202344 0.684375 0.029687 0.027083
4 0.246094 0.683333 0.035937 0.054167
4 0.289062 0.693750 0.025000 0.054167
4 0.498437 0.678125 0.031250 0.072917
4 0.642969 0.832292 0.070312 0.189583
4 0.427344 0.907292 0.117188 0.147917
4 0.250781 0.928125 0.098437 0.143750
0 0.299219 0.795833 0.126562 0.141667
0 0.395313 0.755208 0.065625 0.085417
0 0.591406 0.790625 0.035937 0.114583
0 0.884375 0.779167 0.168750 0.216667
0 0.170313 0.900000 0.084375 0.133333
0 0.021875 0.938542 0.040625 0.106250
