4 0.107813 0.835417 0.059375 0.141667
4 0.307031 0.835417 0.076563 0.091667
4 0.489063 0.787500 0.053125 0.133333
4 0.582031 0.711458 0.039062 0.097917
4 0.678906 0.785417 0.039062 0.158333
4 0.767188 0.935417 0.143750 0.129167
4 0.392188 0.694792 0.040625 0.043750
4 0.443750 0.656250 0.025000 0.033333
4 0.313281 0.684375 0.029687 0.039583
4 0.246094 0.693750 0.007812 0.037500
0 0.221094 0.703125 0.054688 0.072917
0 0.278906 0.683333 0.029687 0.029167
0 0.275000 0.704167 0.034375 0.016667
0 0.370312 0.720833 0.028125 0.045833
0 0.444531 0.705208 0.057813 0.085417
0 0.489844 0.688542 0.032813 0.052083
0 0.546875 0.681250 0.046875 0.054167
