4 0.535156 0.614583 0.026562 0.016667
4 0.568750 0.616667 0.018750 0.033333
4 0.642188 0.638542 0.031250 0.056250
4 0.782031 0.623958 0.020313 0.072917
4 0.794531 0.621875 0.026562 0.039583
4 0.759375 0.607292 0.025000 0.060417
4 0.665625 0.593750 0.018750 0.029167
0 0.496094 0.663542 0.032813 0.047917
0 0.543750 0.654167 0.053125 0.079167
0 0.599219 0.629167 0.048438 0.062500
0 0.672656 0.629167 0.032813 0.050000
0 0.703906 0.625000 0.026562 0.050000
0 0.728906 0.630208 0.032813 0.047917
0 0.900000 0.584375 0.028125 0.035417
