4 0.394531 0.702083 0.026562 0.079167
4 0.454688 0.786458 0.046875 0.139583
4 0.557031 0.763542 0.070312 0.081250
4 0.689063 0.738542 0.037500 0.110417
4 0.964063 0.767708 0.071875 0.118750
4 0.669531 0.648958 0.017188 0.060417
4 0.506250 0.654167 0.018750 0.025000
4 0.474219 0.658333 0.032813 0.025000
4 0.439063 0.655208 0.021875 0.018750
0 0.282031 0.792708 0.064062 0.089583
0 0.413281 0.767708 0.042188 0.081250
0 0.576562 0.700000 0.040625 0.050000
0 0.718750 0.727083 0.028125 0.095833
0 0.850000 0.705208 0.109375 0.122917
0 0.866406 0.789583 0.079687 0.120833
