4 0.394531 0.659375 0.010937 0.047917
4 0.453906 0.676042 0.026562 0.060417
4 0.503125 0.673958 0.031250 0.047917
4 0.572656 0.659375 0.020313 0.064583
4 0.566406 0.638542 0.020313 0.052083
4 0.702344 0.666667 0.039062 0.050000
4 0.433594 0.635417 0.017188 0.029167
4 0.412500 0.636458 0.018750 0.018750
4 0.451562 0.621875 0.025000 0.014583
0 0.358594 0.685417 0.035937 0.041667
0 0.650781 0.673958 0.042188 0.056250
0 0.657813 0.646875 0.059375 0.072917
0 0.588281 0.655208 0.014063 0.052083
0 0.505469 0.641667 0.029687 0.020833
0 0.464844 0.647917 0.039062 0.041667
0 0.427344 0.677083 0.032813 0.041667
