4 0.071875 0.715625 0.028125 0.068750
4 0.107031 0.807292 0.045312 0.122917
4 0.209375 0.790625 0.068750 0.081250
4 0.332813 0.766667 0.040625 0.116667
4 0.617969 0.803125 0.089063 0.118750
4 0.332031 0.673958 0.014063 0.060417
4 0.177344 0.673958 0.023438 0.035417
4 0.157031 0.680208 0.035937 0.022917
4 0.116406 0.676042 0.023438 0.022917
0 0.502344 0.734375 0.114062 0.122917
0 0.510938 0.822917 0.093750 0.112500
0 0.364063 0.739583 0.028125 0.075000
0 0.239063 0.725000 0.050000 0.054167
0 0.069531 0.785417 0.039062 0.091667
