4 0.402344 0.712500 0.026562 0.091667
4 0.424219 0.658333 0.023438 0.037500
4 0.457031 0.657292 0.032813 0.039583
4 0.505469 0.656250 0.023438 0.033333
4 0.568750 0.834375 0.056250 0.172917
4 0.669531 0.794792 0.085938 0.110417
4 0.817187 0.742708 0.040625 0.135417
4 0.681250 0.644792 0.025000 0.064583
0 0.482031 0.797917 0.076563 0.104167
0 0.310937 0.833333 0.087500 0.112500
0 0.539844 0.710417 0.095312 0.087500
0 0.610156 0.704167 0.048438 0.075000
0 0.779687 0.722917 0.043750 0.091667
0 0.963281 0.710417 0.073438 0.162500
