4 0.089844 0.963542 0.126562 0.072917
4 0.246875 0.697917 0.034375 0.037500
4 0.317969 0.715625 0.035937 0.081250
4 0.406250 0.716667 0.021875 0.079167
4 0.493750 0.664583 0.037500 0.029167
4 0.653125 0.775000 0.053125 0.145833
4 0.776563 0.936458 0.090625 0.127083
4 0.414844 0.922917 0.104688 0.145833
0 0.467969 0.748958 0.107813 0.131250
0 0.535156 0.717708 0.060937 0.077083
0 0.634375 0.681250 0.056250 0.054167
0 0.292187 0.706250 0.025000 0.050000
0 0.263281 0.754167 0.067187 0.054167
0 0.345313 0.789583 0.084375 0.070833
0 0.204687 0.728125 0.078125 0.089583
