4 0.373437 0.734375 0.031250 0.097917
4 0.568750 0.695833 0.028125 0.070833
4 0.603125 0.672917 0.025000 0.058333
4 0.713281 0.734375 0.057813 0.089583
4 0.737500 0.654167 0.025000 0.079167
4 0.702344 0.625000 0.017188 0.041667
4 0.720313 0.633333 0.018750 0.037500
4 0.764062 0.606250 0.018750 0.041667
4 0.817187 0.641667 0.018750 0.045833
4 0.932031 0.628125 0.026562 0.064583
0 0.430469 0.673958 0.032813 0.047917
0 0.786719 0.643750 0.048438 0.062500
0 0.792969 0.650000 0.035937 0.041667
0 0.853125 0.642708 0.062500 0.072917
0 0.960156 0.611458 0.045312 0.072917
0 0.982812 0.618750 0.034375 0.050000
