4 0.417187 0.704167 0.028125 0.083333
4 0.430469 0.651042 0.020313 0.022917
4 0.455469 0.666667 0.029687 0.037500
4 0.503906 0.657292 0.023438 0.027083
4 0.562500 0.776042 0.043750 0.122917
4 0.642188 0.756250 0.068750 0.091667
4 0.750781 0.721875 0.035937 0.114583
4 0.657813 0.654167 0.018750 0.058333
4 0.575781 0.660417 0.020313 0.025000
4 0.992188 0.731250 0.015625 0.100000
0 0.371094 0.786458 0.067187 0.093750
0 0.497656 0.760417 0.057813 0.083333
0 0.541406 0.693750 0.070312 0.050000
0 0.596094 0.701042 0.039062 0.060417
0 0.724219 0.710417 0.023438 0.070833
0 0.891406 0.695833 0.101562 0.129167
0 0.943750 0.750000 0.065625 0.104167
