4 0.105469 0.944792 0.114062 0.102083
4 0.389844 0.901042 0.089063 0.193750
4 0.571094 0.759375 0.054688 0.122917
4 0.710938 0.913542 0.075000 0.172917
4 0.335156 0.717708 0.029687 0.072917
4 0.407031 0.668750 0.029687 0.033333
4 0.246875 0.717708 0.043750 0.081250
4 0.170313 0.706250 0.025000 0.050000
0 0.132031 0.722917 0.073438 0.079167
0 0.210156 0.707292 0.039062 0.060417
0 0.196094 0.741667 0.048438 0.045833
0 0.285156 0.781250 0.067187 0.062500
0 0.392188 0.747917 0.090625 0.120833
0 0.452344 0.718750 0.045312 0.075000
0 0.538281 0.693750 0.045312 0.054167
