4 0.171094 0.741667 0.029687 0.062500
4 0.360938 0.725000 0.025000 0.087500
4 0.539062 0.738542 0.062500 0.077083
4 0.595313 0.664583 0.021875 0.058333
4 0.424219 0.665625 0.020313 0.022917
4 0.487500 0.670833 0.034375 0.037500
4 0.392969 0.656250 0.014063 0.041667
4 0.360156 0.679167 0.023438 0.062500
4 0.350781 0.687500 0.023438 0.054167
0 0.092188 0.705208 0.031250 0.022917
0 0.399219 0.690625 0.029687 0.043750
0 0.450781 0.663542 0.023438 0.018750
0 0.529687 0.672917 0.062500 0.079167
0 0.592187 0.631250 0.056250 0.033333
0 0.623437 0.658333 0.037500 0.054167
