4 0.419531 0.834375 0.067187 0.164583
4 0.658594 0.819792 0.089063 0.114583
4 0.838281 0.746875 0.048438 0.147917
4 0.900781 0.673958 0.029687 0.093750
4 0.599219 0.653125 0.020313 0.043750
4 0.683594 0.652083 0.042188 0.037500
4 0.732812 0.616667 0.025000 0.025000
0 0.496875 0.671875 0.059375 0.077083
0 0.548438 0.661458 0.034375 0.056250
0 0.571094 0.692708 0.045312 0.043750
0 0.693750 0.706250 0.018750 0.075000
0 0.748437 0.669792 0.071875 0.093750
0 0.778906 0.639583 0.032813 0.050000
0 0.836719 0.641667 0.045312 0.058333
