4 0.025781 0.781250 0.045312 0.045833
4 0.148438 0.938542 0.106250 0.122917
4 0.160156 0.789583 0.042188 0.112500
4 0.278906 0.755208 0.045312 0.043750
4 0.325000 0.731250 0.034375 0.087500
4 0.265625 0.690625 0.018750 0.060417
4 0.142969 0.700000 0.020313 0.037500
4 0.094531 0.693750 0.026562 0.025000
0 0.064062 0.693750 0.059375 0.033333
0 0.224219 0.718750 0.076563 0.079167
0 0.103906 0.711458 0.020313 0.014583
0 0.146094 0.726042 0.035937 0.014583
0 0.281250 0.709375 0.037500 0.047917
0 0.354687 0.694792 0.037500 0.047917
