4 0.238281 0.752083 0.035937 0.100000
4 0.609375 0.802083 0.084375 0.104167
4 0.377344 0.745833 0.051562 0.066667
4 0.497656 0.727083 0.035937 0.100000
4 0.623437 0.712500 0.031250 0.095833
4 0.591406 0.660417 0.026562 0.045833
4 0.455469 0.668750 0.026562 0.045833
4 0.500000 0.630208 0.015625 0.018750
4 0.389062 0.655208 0.018750 0.014583
4 0.338281 0.673958 0.010937 0.031250
0 0.312500 0.678125 0.040625 0.060417
0 0.361719 0.661458 0.032813 0.022917
0 0.428906 0.680208 0.026562 0.018750
0 0.493750 0.655208 0.053125 0.047917
0 0.530469 0.668750 0.042188 0.045833
0 0.571094 0.653125 0.026562 0.047917
