4 0.435156 0.667708 0.026562 0.060417
4 0.523438 0.661458 0.028125 0.043750
4 0.600781 0.646875 0.029687 0.060417
4 0.676562 0.667708 0.034375 0.056250
4 0.678906 0.648958 0.017188 0.077083
4 0.656250 0.610417 0.012500 0.033333
4 0.554688 0.621875 0.028125 0.027083
4 0.589844 0.603125 0.029687 0.022917
4 0.506250 0.611458 0.018750 0.014583
0 0.439844 0.627083 0.042188 0.041667
0 0.474219 0.629167 0.023438 0.033333
0 0.489844 0.640625 0.026562 0.027083
0 0.546094 0.626042 0.017188 0.018750
0 0.580469 0.628125 0.023438 0.043750
0 0.589063 0.605208 0.034375 0.039583
0 0.614844 0.619792 0.014063 0.035417
