4 0.273438 0.811458 0.043750 0.139583
4 0.443750 0.806250 0.078125 0.100000
4 0.592969 0.796875 0.045312 0.147917
4 0.650781 0.954167 0.154688 0.091667
4 0.529687 0.666667 0.040625 0.029167
4 0.669531 0.655208 0.029687 0.052083
4 0.719531 0.638542 0.020313 0.022917
4 0.757031 0.626042 0.035937 0.022917
4 0.835156 0.659375 0.026562 0.060417
4 0.911719 0.610417 0.042188 0.041667
0 0.221875 0.783333 0.056250 0.095833
0 0.357812 0.787500 0.068750 0.091667
0 0.532813 0.738542 0.096875 0.127083
0 0.482031 0.938542 0.139063 0.110417
0 0.789062 0.803125 0.140625 0.210417
0 0.717969 0.761458 0.067187 0.089583
0 0.687500 0.711458 0.050000 0.060417
