4 0.406250 0.726042 0.031250 0.097917
4 0.571875 0.736458 0.056250 0.072917
4 0.653906 0.645833 0.029687 0.045833
4 0.735938 0.773958 0.043750 0.164583
4 0.821875 0.739583 0.062500 0.104167
4 0.775000 0.639583 0.034375 0.083333
4 0.848437 0.656250 0.037500 0.066667
4 0.804688 0.676042 0.043750 0.072917
4 0.885938 0.610417 0.018750 0.066667
0 0.252344 0.784375 0.129688 0.143750
0 0.543750 0.677083 0.096875 0.054167
0 0.641406 0.719792 0.060937 0.085417
0 0.682813 0.756250 0.059375 0.100000
0 0.725000 0.679167 0.056250 0.033333
