0 0.120313 0.736458 0.084375 0.093750
0 0.046875 0.933333 0.090625 0.133333
0 0.472656 0.659375 0.039062 0.027083
0 0.583594 0.609375 0.032813 0.031250
0 0.678125 0.614583 0.031250 0.045833
0 0.848437 0.598958 0.034375 0.043750
4 0.800000 0.591667 0.031250 0.037500
4 0.715625 0.680208 0.056250 0.077083
4 0.655469 0.608333 0.023438 0.037500
4 0.457813 0.631250 0.028125 0.037500
4 0.343750 0.689583 0.034375 0.075000
4 0.317188 0.706250 0.037500 0.083333
4 0.171875 0.683333 0.037500 0.020833
4 0.269531 0.653125 0.020313 0.052083
4 0.317969 0.639583 0.017188 0.037500
