4 0.278125 0.663542 0.028125 0.018750
4 0.300781 0.720833 0.026562 0.087500
4 0.364063 0.687500 0.021875 0.070833
4 0.442188 0.659375 0.025000 0.018750
4 0.517188 0.642708 0.018750 0.068750
4 0.607031 0.797917 0.054688 0.158333
4 0.657031 0.769792 0.060937 0.114583
4 0.754687 0.721875 0.037500 0.118750
0 0.346875 0.826042 0.090625 0.114583
0 0.477344 0.782292 0.089063 0.097917
0 0.479687 0.729167 0.106250 0.112500
0 0.700781 0.706250 0.054688 0.070833
0 0.882812 0.683333 0.093750 0.129167
0 0.985938 0.735417 0.028125 0.091667
