4 0.249219 0.683333 0.023438 0.029167
4 0.237500 0.692708 0.025000 0.035417
4 0.273438 0.685417 0.018750 0.029167
4 0.257812 0.755208 0.031250 0.097917
4 0.338281 0.708333 0.026562 0.079167
4 0.426563 0.685417 0.031250 0.033333
4 0.512500 0.673958 0.018750 0.064583
4 0.613281 0.875000 0.070312 0.212500
4 0.674219 0.827083 0.076563 0.129167
4 0.787500 0.764583 0.050000 0.141667
0 0.462500 0.770833 0.118750 0.120833
0 0.448437 0.851042 0.093750 0.122917
0 0.277344 0.907292 0.114062 0.131250
0 0.721094 0.747917 0.064062 0.087500
0 0.942187 0.716667 0.115625 0.154167
