4 0.332813 0.709375 0.021875 0.077083
4 0.348438 0.653125 0.021875 0.031250
4 0.374219 0.666667 0.023438 0.033333
4 0.419531 0.662500 0.029687 0.037500
4 0.467969 0.772917 0.048438 0.125000
4 0.547656 0.755208 0.064062 0.085417
4 0.663281 0.719792 0.035937 0.118750
4 0.572656 0.655208 0.023438 0.056250
4 0.939844 0.733333 0.064062 0.095833
0 0.281250 0.781250 0.065625 0.095833
0 0.407031 0.760417 0.060937 0.079167
0 0.458594 0.693750 0.079687 0.058333
0 0.509375 0.692708 0.040625 0.081250
0 0.636719 0.711458 0.020313 0.064583
0 0.808594 0.691667 0.101562 0.116667
0 0.862500 0.752083 0.071875 0.104167
