4 0.365625 0.666667 0.034375 0.045833
4 0.424219 0.691667 0.026562 0.054167
4 0.503906 0.631250 0.026562 0.029167
4 0.560937 0.661458 0.021875 0.056250
4 0.580469 0.698958 0.039062 0.068750
4 0.585156 0.645833 0.026562 0.037500
4 0.716406 0.633333 0.035937 0.033333
4 0.768750 0.665625 0.043750 0.064583
4 0.810937 0.668750 0.025000 0.091667
0 0.412500 0.744792 0.059375 0.072917
0 0.510156 0.746875 0.126562 0.122917
0 0.488281 0.672917 0.085938 0.054167
0 0.607812 0.681250 0.040625 0.066667
0 0.635938 0.675000 0.040625 0.066667
0 0.714844 0.682292 0.048438 0.077083
0 0.823438 0.612500 0.043750 0.037500
