4 0.369531 0.777083 0.042188 0.137500
4 0.575781 0.802083 0.085938 0.112500
4 0.676562 0.662500 0.031250 0.066667
4 0.738281 0.704167 0.029687 0.091667
4 0.817969 0.667708 0.039062 0.097917
4 0.810156 0.879167 0.064062 0.225000
4 0.907813 0.809375 0.084375 0.135417
4 0.885156 0.748958 0.064062 0.131250
4 0.903906 0.676042 0.032813 0.068750
4 0.939844 0.630208 0.014063 0.085417
0 0.153125 0.858333 0.184375 0.175000
0 0.198437 0.823958 0.071875 0.072917
0 0.548438 0.711458 0.125000 0.081250
0 0.668750 0.778125 0.081250 0.106250
0 0.722656 0.838542 0.095312 0.139583
0 0.771875 0.751042 0.065625 0.077083
