4 0.306250 0.700000 0.037500 0.050000
4 0.335156 0.779167 0.048438 0.091667
4 0.581250 0.784375 0.087500 0.093750
4 0.555469 0.709375 0.039062 0.081250
4 0.591406 0.687500 0.039062 0.058333
4 0.489844 0.667708 0.032813 0.047917
4 0.529687 0.639583 0.025000 0.012500
4 0.782813 0.682292 0.040625 0.064583
4 0.867188 0.728125 0.062500 0.097917
4 0.942187 0.735417 0.046875 0.150000
0 0.288281 0.890625 0.107813 0.127083
0 0.443750 0.893750 0.234375 0.212500
0 0.453906 0.754167 0.126562 0.112500
0 0.632031 0.762500 0.054688 0.104167
0 0.671875 0.736458 0.056250 0.089583
0 0.791406 0.768750 0.076563 0.116667
0 0.892188 0.644792 0.040625 0.077083
