4 0.055469 0.728125 0.023438 0.064583
4 0.149219 0.666667 0.017188 0.045833
4 0.290625 0.645833 0.012500 0.041667
4 0.368750 0.680208 0.025000 0.077083
4 0.374219 0.671875 0.017188 0.081250
4 0.404687 0.634375 0.025000 0.031250
4 0.585938 0.611458 0.028125 0.035417
4 0.690625 0.645833 0.031250 0.050000
4 0.713281 0.607292 0.029687 0.039583
0 0.758594 0.602083 0.029687 0.041667
0 0.733594 0.735417 0.117188 0.158333
0 0.612500 0.617708 0.025000 0.031250
0 0.517188 0.618750 0.025000 0.029167
0 0.475000 0.658333 0.037500 0.045833
0 0.213281 0.705208 0.076563 0.081250
