0 0.146094 0.696875 0.023438 0.039583
0 0.496875 0.666667 0.084375 0.091667
0 0.761719 0.617708 0.035937 0.047917
0 0.798438 0.579167 0.025000 0.041667
0 0.886719 0.577083 0.026562 0.037500
0 0.984375 0.690625 0.031250 0.147917
4 0.180469 0.670833 0.014063 0.041667
4 0.325781 0.695833 0.029687 0.079167
4 0.418750 0.629167 0.015625 0.045833
4 0.570312 0.607292 0.012500 0.043750
4 0.657031 0.640625 0.020313 0.060417
4 0.668750 0.625000 0.021875 0.070833
4 0.689063 0.598958 0.031250 0.039583
4 0.857031 0.572917 0.023438 0.033333
4 0.961719 0.606250 0.035937 0.050000
4 0.971875 0.557292 0.025000 0.035417
