3 0.027344 0.444792 0.029687 0.039583
3 0.262500 0.458333 0.046875 0.033333
3 0.328906 0.482292 0.023438 0.027083
3 0.365625 0.484375 0.040625 0.039583
5 0.229687 0.479167 0.040625 0.016667
5 0.103125 0.454167 0.018750 0.045833
5 0.097656 0.461458 0.032813 0.035417
5 0.053906 0.447917 0.023438 0.045833
5 0.006250 0.434375 0.009375 0.043750
1 0.145313 0.457292 0.028125 0.035417
1 0.167969 0.462500 0.029687 0.033333
1 0.300000 0.476042 0.028125 0.027083
1 0.318750 0.453125 0.012500 0.018750
7 0.223438 0.488542 0.443750 0.089583
