3 0.119531 0.586458 0.054688 0.089583
3 0.860938 0.709375 0.084375 0.093750
3 0.946875 0.805208 0.065625 0.093750
3 0.994531 0.822917 0.010937 0.083333
5 0.066406 0.619792 0.045312 0.127083
5 0.174219 0.652083 0.085938 0.112500
5 0.224219 0.605208 0.073438 0.093750
5 0.174219 0.567708 0.057813 0.081250
5 0.703125 0.759375 0.103125 0.077083
5 0.939844 0.715625 0.032813 0.039583
1 0.484375 0.653125 0.071875 0.085417
1 0.507812 0.693750 0.081250 0.104167
1 0.876563 0.797917 0.078125 0.100000
1 0.927344 0.747917 0.054688 0.041667
1 0.978906 0.726042 0.039062 0.089583
7 0.503125 0.741667 0.993750 0.416667
