3 0.343750 0.461458 0.025000 0.031250
3 0.500000 0.520833 0.037500 0.041667
3 0.602344 0.527083 0.026562 0.033333
5 0.398438 0.471875 0.021875 0.035417
5 0.284375 0.445833 0.018750 0.033333
5 0.635156 0.557292 0.032813 0.031250
5 0.627344 0.543750 0.017188 0.050000
5 0.477344 0.519792 0.014063 0.022917
1 0.434375 0.493750 0.031250 0.037500
1 0.464844 0.497917 0.026562 0.033333
1 0.560937 0.538542 0.031250 0.043750
1 0.593750 0.554167 0.040625 0.025000
1 0.659375 0.544792 0.021875 0.060417
7 0.489844 0.530208 0.539062 0.160417
