3 0.416406 0.520833 0.039062 0.041667
3 0.676562 0.635417 0.056250 0.062500
3 0.815625 0.645833 0.043750 0.079167
5 0.336719 0.503125 0.026562 0.043750
5 0.489063 0.534375 0.037500 0.043750
5 0.635938 0.621875 0.040625 0.039583
5 0.861719 0.678125 0.026562 0.093750
5 0.871875 0.690625 0.056250 0.056250
1 0.559375 0.579167 0.043750 0.058333
1 0.594531 0.581250 0.042188 0.062500
1 0.763281 0.657292 0.048438 0.072917
1 0.887500 0.640625 0.025000 0.039583
1 0.837500 0.663542 0.015625 0.085417
7 0.622656 0.642708 0.742188 0.277083
