3 0.319531 0.505208 0.039062 0.039583
3 0.523438 0.516667 0.050000 0.041667
3 0.608594 0.543750 0.023438 0.029167
3 0.639062 0.543750 0.031250 0.037500
5 0.263281 0.486458 0.032813 0.035417
5 0.341406 0.503125 0.010937 0.043750
5 0.399219 0.522917 0.032813 0.033333
5 0.421875 0.518750 0.021875 0.045833
5 0.509375 0.540625 0.043750 0.022917
5 0.600000 0.520833 0.012500 0.016667
1 0.453125 0.523958 0.034375 0.039583
1 0.554688 0.522917 0.015625 0.054167
1 0.578125 0.530208 0.028125 0.022917
7 0.442188 0.531250 0.546875 0.120833
