3 0.226562 0.519792 0.040625 0.043750
3 0.321875 0.491667 0.056250 0.033333
3 0.428906 0.528125 0.017188 0.039583
3 0.450000 0.522917 0.034375 0.041667
5 0.135156 0.497917 0.042188 0.033333
5 0.203125 0.509375 0.021875 0.035417
5 0.317188 0.540625 0.043750 0.047917
5 0.348438 0.538542 0.021875 0.060417
5 0.408594 0.504167 0.020313 0.012500
5 0.388281 0.490625 0.029687 0.018750
1 0.260156 0.511458 0.032813 0.043750
1 0.308594 0.511458 0.032813 0.022917
1 0.384375 0.519792 0.025000 0.039583
1 0.411719 0.531250 0.029687 0.041667
1 0.354687 0.490625 0.025000 0.035417
7 0.273438 0.550000 0.475000 0.125000
