3 0.523438 0.592708 0.096875 0.081250
3 0.702344 0.610417 0.070312 0.050000
3 0.689844 0.618750 0.026562 0.020833
3 0.795312 0.819792 0.096875 0.118750
5 0.556250 0.792708 0.109375 0.127083
5 0.661719 0.767708 0.089063 0.118750
5 0.875000 0.791667 0.075000 0.104167
5 0.981250 0.811458 0.037500 0.139583
5 0.596875 0.598958 0.025000 0.072917
5 0.639844 0.667708 0.014063 0.043750
5 0.609375 0.580208 0.021875 0.039583
5 0.621094 0.582292 0.017188 0.027083
1 0.573438 0.567708 0.028125 0.039583
1 0.582031 0.676042 0.067187 0.089583
1 0.632031 0.617708 0.045312 0.056250
1 0.679688 0.683333 0.062500 0.070833
1 0.710938 0.644792 0.040625 0.052083
7 0.636719 0.777083 0.726562 0.420833
