3 0.591406 0.648958 0.129688 0.114583
3 0.857812 0.714583 0.078125 0.112500
3 0.835938 0.733333 0.040625 0.083333
3 0.144531 0.950000 0.192188 0.100000
3 0.044531 0.982292 0.076563 0.035417
5 0.170313 0.846875 0.153125 0.177083
5 0.653906 0.767708 0.073438 0.068750
5 0.700000 0.678125 0.040625 0.110417
5 0.744531 0.645833 0.029687 0.045833
5 0.768750 0.680208 0.046875 0.072917
5 0.609375 0.977083 0.168750 0.045833
1 0.413281 0.750000 0.104688 0.145833
1 0.568750 0.798958 0.109375 0.143750
1 0.667969 0.659375 0.029687 0.139583
1 0.735156 0.707292 0.064062 0.085417
1 0.804688 0.751042 0.068750 0.097917
7 0.486719 0.811458 0.970313 0.377083
