3 0.206250 0.729167 0.109375 0.154167
3 0.795312 0.679167 0.103125 0.100000
3 0.964844 0.758333 0.029687 0.095833
3 0.990625 0.747917 0.018750 0.104167
5 0.474219 0.860417 0.098437 0.208333
5 0.450781 0.819792 0.117188 0.164583
5 0.297656 0.697917 0.095312 0.133333
5 0.145313 0.635417 0.081250 0.120833
5 0.771875 0.754167 0.087500 0.050000
5 0.931250 0.686458 0.025000 0.047917
5 0.958594 0.703125 0.042188 0.031250
5 0.878906 0.704167 0.029687 0.100000
1 0.547656 0.692708 0.076563 0.102083
1 0.643750 0.740625 0.084375 0.114583
1 0.854688 0.687500 0.025000 0.112500
1 0.899219 0.731250 0.054688 0.083333
1 0.922656 0.764583 0.057813 0.087500
7 0.500781 0.785417 0.998437 0.429167
