3 0.195312 0.593750 0.065625 0.083333
3 0.418750 0.537500 0.078125 0.058333
3 0.564063 0.590625 0.031250 0.056250
3 0.592187 0.580208 0.053125 0.056250
5 0.075000 0.550000 0.059375 0.066667
5 0.195312 0.541667 0.062500 0.037500
5 0.349219 0.629167 0.064062 0.091667
5 0.387500 0.630208 0.034375 0.097917
5 0.435937 0.592708 0.050000 0.035417
5 0.521094 0.542708 0.023438 0.027083
5 0.542969 0.552083 0.023438 0.016667
5 0.488281 0.557292 0.023438 0.068750
1 0.298438 0.559375 0.046875 0.064583
1 0.374219 0.562500 0.045312 0.029167
1 0.464844 0.529167 0.035937 0.037500
1 0.505469 0.573958 0.039062 0.047917
1 0.537500 0.592708 0.043750 0.060417
7 0.342187 0.664583 0.681250 0.245833
