3 0.116406 0.589583 0.051562 0.095833
3 0.863281 0.710417 0.089063 0.095833
3 0.947656 0.804167 0.067187 0.095833
3 0.994531 0.820833 0.010937 0.079167
5 0.067969 0.618750 0.054688 0.125000
5 0.175781 0.654167 0.085938 0.120833
5 0.227344 0.604167 0.070312 0.095833
5 0.175781 0.570833 0.057813 0.087500
5 0.703906 0.763542 0.104688 0.081250
5 0.940625 0.717708 0.031250 0.043750
1 0.484375 0.660417 0.071875 0.095833
1 0.507031 0.692708 0.079687 0.097917
1 0.877344 0.801042 0.079687 0.106250
1 0.928906 0.746875 0.054688 0.039583
1 0.977344 0.727083 0.039062 0.095833
7 0.501563 0.741667 0.996875 0.420833
