4 0.129688 0.731250 0.046875 0.037500
4 0.160156 0.689583 0.023438 0.066667
4 0.437500 0.619792 0.028125 0.031250
4 0.543750 0.596875 0.028125 0.031250
4 0.795312 0.584375 0.021875 0.060417
4 0.836719 0.558333 0.026562 0.045833
4 0.723437 0.591667 0.025000 0.070833
4 0.266406 0.666667 0.020313 0.058333
4 0.285938 0.677083 0.018750 0.050000
4 0.298438 0.648958 0.028125 0.043750
0 0.341406 0.638542 0.029687 0.039583
0 0.527344 0.606250 0.029687 0.045833
0 0.630469 0.583333 0.023438 0.029167
0 0.703125 0.597917 0.021875 0.054167
0 0.881250 0.586458 0.065625 0.077083
0 0.901563 0.697917 0.068750 0.112500
