3 0.487500 0.525000 0.062500 0.050000
3 0.495312 0.578125 0.050000 0.043750
3 0.625781 0.552083 0.029687 0.041667
3 0.614062 0.558333 0.015625 0.037500
5 0.378125 0.553125 0.046875 0.043750
5 0.453125 0.564583 0.043750 0.050000
5 0.585156 0.595833 0.045312 0.054167
5 0.639062 0.603125 0.031250 0.068750
5 0.553906 0.519792 0.029687 0.018750
1 0.523438 0.521875 0.028125 0.039583
1 0.561719 0.551042 0.029687 0.039583
1 0.600781 0.559375 0.029687 0.031250
1 0.530469 0.565625 0.029687 0.047917
1 0.475781 0.542708 0.020313 0.031250
7 0.475781 0.614583 0.442188 0.150000
