3 0.593750 0.655208 0.128125 0.110417
3 0.832812 0.737500 0.040625 0.091667
3 0.861719 0.712500 0.070312 0.104167
3 0.146875 0.950000 0.184375 0.100000
3 0.045312 0.975000 0.075000 0.050000
5 0.171875 0.850000 0.150000 0.179167
5 0.605469 0.979167 0.160938 0.041667
5 0.656250 0.771875 0.068750 0.072917
5 0.701562 0.683333 0.040625 0.116667
5 0.746094 0.644792 0.032813 0.043750
5 0.774219 0.679167 0.035937 0.066667
1 0.412500 0.750000 0.106250 0.141667
1 0.570312 0.795833 0.106250 0.137500
1 0.735938 0.709375 0.065625 0.093750
1 0.667188 0.658333 0.031250 0.125000
1 0.806250 0.751042 0.071875 0.102083
7 0.491406 0.809375 0.967187 0.381250
