3 0.229687 0.484375 0.059375 0.047917
3 0.342969 0.556250 0.048438 0.045833
3 0.350000 0.493750 0.046875 0.029167
5 0.224219 0.534375 0.048438 0.047917
5 0.282813 0.541667 0.043750 0.050000
5 0.405469 0.563542 0.042188 0.052083
5 0.474219 0.567708 0.026562 0.060417
5 0.282031 0.485417 0.023438 0.041667
1 0.262500 0.476042 0.018750 0.031250
1 0.300000 0.496875 0.028125 0.031250
1 0.252344 0.518750 0.026562 0.041667
1 0.314844 0.527083 0.026562 0.041667
1 0.349219 0.517708 0.032813 0.039583
7 0.328906 0.560417 0.432812 0.170833
