3 0.378906 0.752083 0.110937 0.137500
3 0.460938 0.576042 0.103125 0.077083
3 0.667188 0.621875 0.059375 0.085417
3 0.653125 0.629167 0.025000 0.070833
5 0.546094 0.592708 0.026562 0.077083
5 0.571875 0.569792 0.025000 0.031250
5 0.693750 0.806250 0.081250 0.183333
5 0.584375 0.764583 0.093750 0.129167
5 0.319531 0.694792 0.089063 0.127083
5 0.146094 0.677083 0.095312 0.129167
5 0.597656 0.586458 0.023438 0.035417
5 0.539844 0.646875 0.023438 0.035417
1 0.392188 0.633333 0.065625 0.083333
1 0.496875 0.660417 0.065625 0.091667
1 0.572656 0.614583 0.042188 0.066667
1 0.629687 0.640625 0.050000 0.064583
1 0.514844 0.570833 0.039062 0.079167
7 0.412500 0.775000 0.818750 0.450000
