3 0.464062 0.629167 0.131250 0.108333
3 0.698438 0.642708 0.093750 0.068750
3 0.688281 0.659375 0.035937 0.022917
5 0.562500 0.643750 0.037500 0.108333
5 0.575781 0.610417 0.023438 0.058333
5 0.635938 0.747917 0.050000 0.075000
5 0.712500 0.959375 0.159375 0.081250
5 0.980469 0.958333 0.039062 0.083333
5 0.595313 0.611458 0.021875 0.039583
1 0.522656 0.584375 0.051562 0.043750
1 0.555469 0.794792 0.107813 0.139583
1 0.698438 0.804167 0.096875 0.129167
1 0.710938 0.705208 0.065625 0.085417
1 0.607812 0.666667 0.062500 0.079167
7 0.541406 0.803125 0.917188 0.393750
