3 0.259375 0.472917 0.056250 0.045833
3 0.096875 0.488542 0.040625 0.039583
3 0.391406 0.497917 0.035937 0.041667
3 0.364844 0.496875 0.017188 0.022917
5 0.190625 0.510417 0.043750 0.050000
5 0.227344 0.507292 0.020313 0.052083
5 0.264062 0.505208 0.040625 0.031250
5 0.021875 0.464583 0.037500 0.037500
5 0.339062 0.473958 0.015625 0.027083
5 0.314844 0.471875 0.020313 0.022917
1 0.179688 0.473958 0.037500 0.022917
1 0.210156 0.480208 0.014063 0.014583
1 0.294531 0.476042 0.014063 0.060417
1 0.329688 0.497917 0.046875 0.041667
7 0.234375 0.516667 0.462500 0.125000
