0 0.050000 0.777083 0.093750 0.320833
4 0.310156 0.676042 0.148438 0.118750
4 0.369531 0.726042 0.089063 0.164583
1 0.337500 0.238542 0.062500 0.052083
1 0.345313 0.254167 0.053125 0.075000
1 0.167187 0.263542 0.031250 0.018750
1 0.161719 0.272917 0.017188 0.033333
1 0.010156 0.373958 0.017188 0.056250
5 0.186719 0.302083 0.039062 0.058333
5 0.150000 0.319792 0.040625 0.056250
3 0.272656 0.284375 0.095312 0.056250
3 0.081250 0.313542 0.031250 0.047917
3 0.035937 0.333333 0.028125 0.050000
7 0.238281 0.334375 0.467187 0.243750
