0 0.849219 0.239583 0.067187 0.100000
0 0.795312 0.779167 0.143750 0.116667
0 0.839063 0.813542 0.053125 0.189583
4 0.971094 0.288542 0.026562 0.093750
4 0.983594 0.363542 0.032813 0.064583
1 0.084375 0.356250 0.043750 0.050000
1 0.125000 0.356250 0.043750 0.033333
1 0.118750 0.296875 0.031250 0.039583
1 0.322656 0.205208 0.060937 0.014583
1 0.301563 0.226042 0.018750 0.022917
5 0.203906 0.286458 0.045312 0.056250
5 0.288281 0.253125 0.032813 0.039583
5 0.066406 0.391667 0.039062 0.037500
3 0.032031 0.354167 0.032813 0.058333
3 0.066406 0.321875 0.029687 0.022917
3 0.339844 0.242708 0.060937 0.047917
7 0.241406 0.341667 0.467187 0.258333
