0 0.448437 0.218750 0.062500 0.075000
0 0.033594 0.361458 0.039062 0.056250
4 0.702344 0.243750 0.054688 0.037500
4 0.767969 0.205208 0.045312 0.031250
1 0.790625 0.155208 0.046875 0.043750
1 0.696875 0.135417 0.021875 0.016667
1 0.542969 0.163542 0.029687 0.035417
1 0.506250 0.171875 0.028125 0.022917
5 0.660937 0.162500 0.028125 0.037500
5 0.685937 0.160417 0.018750 0.029167
5 0.760156 0.155208 0.017188 0.018750
5 0.460156 0.175000 0.035937 0.016667
3 0.724219 0.165625 0.060937 0.039583
3 0.625000 0.147917 0.028125 0.037500
3 0.589063 0.152083 0.025000 0.033333
7 0.625781 0.179167 0.495312 0.070833
