0 0.457813 0.631250 0.200000 0.312500
4 0.810937 0.621875 0.140625 0.081250
4 0.857031 0.694792 0.067187 0.172917
1 0.463281 0.245833 0.051562 0.037500
1 0.506250 0.228125 0.040625 0.052083
1 0.696094 0.172917 0.032813 0.025000
1 0.866406 0.197917 0.054688 0.050000
1 0.872656 0.216667 0.051562 0.079167
5 0.381250 0.255208 0.053125 0.027083
5 0.398438 0.250000 0.031250 0.029167
5 0.675000 0.216667 0.040625 0.050000
5 0.715625 0.215625 0.034375 0.056250
3 0.798438 0.228125 0.093750 0.060417
3 0.601562 0.190625 0.037500 0.047917
3 0.546875 0.200000 0.037500 0.050000
7 0.630469 0.244792 0.714063 0.135417
