0 0.989844 0.234375 0.020313 0.077083
1 0.083594 0.484375 0.064062 0.077083
1 0.391406 0.610417 0.114062 0.158333
1 0.640625 0.556250 0.112500 0.108333
1 0.610938 0.583333 0.050000 0.154167
1 0.377344 0.279167 0.079687 0.050000
1 0.401562 0.314583 0.037500 0.108333
5 0.137500 0.423958 0.078125 0.043750
5 0.135937 0.472917 0.043750 0.054167
5 0.308594 0.419792 0.060937 0.093750
5 0.353906 0.436458 0.073438 0.097917
5 0.361719 0.350000 0.054688 0.079167
5 0.450781 0.917708 0.195312 0.152083
5 0.694531 0.684375 0.123438 0.164583
3 0.503906 0.327083 0.082812 0.104167
3 0.083594 0.575000 0.079687 0.108333
3 0.085938 0.644792 0.090625 0.131250
7 0.496094 0.634375 0.989062 0.731250
