0 0.182031 0.303125 0.039062 0.052083
1 0.582812 0.304167 0.053125 0.079167
1 0.546094 0.341667 0.060937 0.079167
1 0.957031 0.341667 0.057813 0.079167
5 0.464062 0.421875 0.078125 0.106250
5 0.505469 0.380208 0.060937 0.093750
5 0.596094 0.263542 0.042188 0.027083
5 0.811719 0.351042 0.051562 0.072917
5 0.919531 0.546875 0.117188 0.085417
5 0.949219 0.650000 0.101562 0.125000
5 0.958594 0.450000 0.073438 0.108333
5 0.910156 0.320833 0.032813 0.037500
3 0.642969 0.375000 0.073438 0.095833
3 0.650000 0.541667 0.171875 0.150000
3 0.636719 0.643750 0.120313 0.054167
3 0.927344 0.278125 0.048438 0.039583
7 0.500781 0.628125 0.998437 0.743750
