0 0.145313 0.911458 0.278125 0.177083
1 0.645312 0.248958 0.078125 0.064583
1 0.653125 0.271875 0.065625 0.106250
1 0.430469 0.241667 0.045312 0.033333
1 0.200781 0.350000 0.048438 0.066667
1 0.142969 0.381250 0.051562 0.041667
5 0.401562 0.306250 0.056250 0.070833
5 0.448437 0.292708 0.046875 0.068750
5 0.069531 0.398958 0.060937 0.047917
5 0.145313 0.322917 0.031250 0.037500
5 0.482812 0.259375 0.025000 0.035417
3 0.560937 0.295833 0.121875 0.075000
3 0.317188 0.280208 0.043750 0.056250
3 0.254688 0.296875 0.040625 0.056250
7 0.412500 0.353125 0.815625 0.277083
