0 0.093750 0.372917 0.043750 0.062500
0 0.539062 0.520833 0.162500 0.220833
4 0.144531 0.615625 0.073438 0.181250
1 0.431250 0.218750 0.034375 0.029167
1 0.496094 0.216667 0.045312 0.033333
1 0.870313 0.216667 0.062500 0.066667
1 0.588281 0.175000 0.029687 0.037500
5 0.396875 0.218750 0.037500 0.025000
5 0.546875 0.215625 0.040625 0.031250
5 0.582812 0.217708 0.040625 0.035417
5 0.689063 0.180208 0.034375 0.043750
5 0.540625 0.186458 0.028125 0.022917
3 0.517188 0.175000 0.028125 0.033333
3 0.565625 0.192708 0.034375 0.022917
3 0.748437 0.200000 0.071875 0.058333
7 0.650000 0.240625 0.612500 0.131250
