0 0.225781 0.830208 0.264062 0.331250
1 0.785937 0.253125 0.084375 0.064583
1 0.800000 0.280208 0.059375 0.114583
1 0.539062 0.238542 0.046875 0.047917
1 0.300000 0.343750 0.056250 0.079167
1 0.242188 0.381250 0.059375 0.050000
5 0.143750 0.390625 0.062500 0.052083
5 0.160156 0.401042 0.051562 0.039583
5 0.224219 0.311458 0.035937 0.039583
5 0.524219 0.303125 0.057813 0.072917
5 0.576562 0.289583 0.046875 0.070833
5 0.603906 0.254167 0.026562 0.037500
5 0.703906 0.256250 0.054688 0.020833
3 0.418750 0.270833 0.046875 0.066667
3 0.351562 0.285417 0.040625 0.066667
3 0.710938 0.306250 0.125000 0.087500
7 0.493750 0.367708 0.959375 0.289583
