1 0.432031 0.353125 0.064062 0.064583
1 0.704688 0.511458 0.096875 0.139583
1 0.920312 0.507292 0.087500 0.089583
1 0.889844 0.529167 0.023438 0.129167
1 0.729688 0.227083 0.068750 0.037500
1 0.749219 0.264583 0.029687 0.108333
5 0.187500 0.717708 0.137500 0.089583
5 0.710156 0.766667 0.154688 0.145833
5 0.947656 0.627083 0.104688 0.162500
5 0.696094 0.361458 0.067187 0.093750
5 0.656250 0.342708 0.059375 0.093750
5 0.710156 0.290625 0.051562 0.072917
5 0.496094 0.317708 0.073438 0.035417
5 0.488281 0.353125 0.042188 0.052083
3 0.418750 0.493750 0.096875 0.120833
3 0.425781 0.434375 0.073438 0.102083
3 0.835938 0.291667 0.071875 0.095833
7 0.508594 0.622917 0.982812 0.750000
