4 0.247656 0.559375 0.095312 0.089583
4 0.417969 0.389583 0.085938 0.045833
1 0.476562 0.275000 0.081250 0.100000
1 0.349219 0.245833 0.039062 0.050000
1 0.122656 0.332292 0.039062 0.056250
1 0.057813 0.364583 0.043750 0.037500
5 0.275781 0.302083 0.045312 0.054167
5 0.316406 0.276042 0.029687 0.027083
5 0.421875 0.279167 0.031250 0.045833
5 0.017188 0.372917 0.031250 0.037500
3 0.360938 0.302083 0.109375 0.058333
3 0.251563 0.269792 0.034375 0.043750
3 0.196875 0.286458 0.037500 0.047917
7 0.318750 0.307292 0.618750 0.181250
