4 0.266406 0.372917 0.045312 0.054167
4 0.035156 0.484375 0.039062 0.072917
1 0.137500 0.288542 0.034375 0.031250
1 0.208594 0.266667 0.032813 0.045833
1 0.431250 0.257292 0.093750 0.077083
1 0.428906 0.206250 0.039062 0.020833
1 0.408594 0.265625 0.048438 0.081250
5 0.107813 0.288542 0.021875 0.027083
5 0.164062 0.276042 0.018750 0.027083
5 0.267188 0.233333 0.034375 0.029167
5 0.307812 0.247917 0.031250 0.016667
5 0.349219 0.258333 0.039062 0.050000
5 0.380469 0.271875 0.007812 0.047917
3 0.309375 0.289583 0.081250 0.066667
3 0.303125 0.226042 0.028125 0.031250
3 0.343750 0.217708 0.034375 0.027083
7 0.360156 0.300000 0.614062 0.170833
