0 0.130469 0.233333 0.017188 0.025000
0 0.360938 0.162500 0.034375 0.041667
4 0.489063 0.162500 0.028125 0.012500
4 0.534375 0.144792 0.009375 0.014583
1 0.400000 0.140625 0.015625 0.014583
1 0.427344 0.136458 0.023438 0.018750
1 0.575000 0.118750 0.031250 0.029167
5 0.382031 0.143750 0.007812 0.008333
5 0.500000 0.129167 0.018750 0.016667
5 0.553906 0.122917 0.010937 0.025000
3 0.458594 0.127083 0.017188 0.020833
3 0.483594 0.122917 0.014063 0.020833
3 0.532031 0.123958 0.039062 0.022917
7 0.490625 0.138542 0.328125 0.060417
