1 0.547656 0.346875 0.067187 0.085417
1 0.163281 0.394792 0.051562 0.068750
1 0.132031 0.447917 0.054688 0.079167
5 0.175000 0.352083 0.040625 0.025000
5 0.389844 0.393750 0.054688 0.062500
5 0.496875 0.336458 0.034375 0.039583
5 0.556250 0.456250 0.084375 0.108333
5 0.519531 0.559375 0.129688 0.102083
5 0.573438 0.618750 0.131250 0.087500
5 0.065625 0.536458 0.065625 0.097917
5 0.096094 0.494792 0.057813 0.085417
3 0.514844 0.292708 0.054688 0.043750
3 0.242188 0.648958 0.162500 0.197917
3 0.225000 0.456250 0.071875 0.091667
7 0.467969 0.640625 0.926562 0.718750
