0 0.127344 0.303125 0.067187 0.085417
4 0.378125 0.283333 0.053125 0.033333
4 0.445312 0.231250 0.050000 0.025000
1 0.466406 0.177083 0.051562 0.050000
1 0.370312 0.172917 0.021875 0.012500
1 0.221094 0.229167 0.026562 0.037500
1 0.183594 0.243750 0.026562 0.020833
5 0.143750 0.251042 0.034375 0.014583
5 0.193750 0.225000 0.031250 0.016667
5 0.334375 0.209375 0.021875 0.027083
5 0.360938 0.202083 0.015625 0.033333
5 0.435156 0.183333 0.017188 0.020833
3 0.399219 0.193750 0.060937 0.033333
3 0.300000 0.198958 0.021875 0.031250
3 0.263281 0.206250 0.026562 0.029167
7 0.318750 0.233333 0.503125 0.150000
