1 0.163281 0.368750 0.054688 0.058333
1 0.176563 0.386458 0.056250 0.035417
1 0.500781 0.665625 0.245312 0.227083
1 0.440625 0.691667 0.115625 0.279167
1 0.513281 0.284375 0.051562 0.072917
5 0.178906 0.436458 0.064062 0.081250
5 0.183594 0.468750 0.067187 0.087500
5 0.389062 0.337500 0.065625 0.050000
5 0.458594 0.287500 0.057813 0.037500
5 0.599219 0.334375 0.064062 0.081250
5 0.616406 0.396875 0.076563 0.077083
5 0.704688 0.427083 0.059375 0.091667
5 0.153125 0.333333 0.034375 0.008333
3 0.491406 0.459375 0.170313 0.147917
3 0.297656 0.389583 0.067187 0.087500
7 0.549219 0.623958 0.901563 0.752083
