1 0.390625 0.322917 0.059375 0.075000
1 0.134375 0.509375 0.068750 0.097917
1 0.057813 0.494792 0.065625 0.085417
5 0.203906 0.535417 0.073438 0.104167
5 0.268750 0.559375 0.090625 0.114583
5 0.014844 0.483333 0.023438 0.075000
5 0.294531 0.391667 0.082812 0.029167
5 0.306250 0.343750 0.065625 0.054167
5 0.568750 0.342708 0.062500 0.089583
5 0.632812 0.359375 0.037500 0.039583
5 0.743750 0.369792 0.050000 0.043750
5 0.764844 0.402083 0.029687 0.050000
3 0.281250 0.313542 0.046875 0.039583
3 0.267969 0.323958 0.017188 0.060417
3 0.290625 0.454167 0.075000 0.100000
3 0.668750 0.443750 0.175000 0.154167
7 0.500781 0.633333 0.998437 0.666667
