0 0.218750 0.690625 0.203125 0.318750
4 0.564063 0.631250 0.153125 0.100000
4 0.617969 0.695833 0.082812 0.170833
1 0.200781 0.307292 0.045312 0.035417
1 0.244531 0.286458 0.039062 0.056250
1 0.428906 0.203125 0.035937 0.022917
1 0.610156 0.200000 0.057813 0.045833
1 0.614062 0.218750 0.053125 0.079167
5 0.407813 0.246875 0.040625 0.052083
5 0.448437 0.240625 0.037500 0.056250
5 0.128906 0.330208 0.064062 0.022917
5 0.143750 0.320833 0.034375 0.029167
3 0.284375 0.248958 0.034375 0.043750
3 0.337500 0.235417 0.031250 0.041667
3 0.539062 0.234375 0.093750 0.056250
7 0.383594 0.297917 0.710938 0.241667
