1 0.185938 0.517708 0.081250 0.110417
1 0.289062 0.555208 0.093750 0.131250
1 0.591406 0.334375 0.064062 0.089583
5 0.800000 0.379167 0.068750 0.095833
5 0.880469 0.432292 0.051562 0.072917
5 0.977344 0.434375 0.045312 0.052083
5 0.480469 0.409375 0.098437 0.043750
5 0.492969 0.342708 0.079687 0.056250
5 0.125781 0.494792 0.042188 0.089583
5 0.382812 0.606250 0.103125 0.141667
5 0.464844 0.654167 0.123438 0.162500
3 0.488281 0.496875 0.092188 0.118750
3 0.925000 0.545833 0.150000 0.191667
3 0.464062 0.305208 0.059375 0.043750
3 0.442969 0.321875 0.017188 0.068750
7 0.521094 0.647917 0.957812 0.704167
