1 0.288281 0.412500 0.064062 0.075000
1 0.604688 0.579167 0.109375 0.150000
1 0.848437 0.557292 0.106250 0.106250
1 0.821875 0.587500 0.043750 0.162500
1 0.601562 0.250000 0.075000 0.045833
1 0.625000 0.288542 0.028125 0.110417
5 0.350781 0.363542 0.076563 0.043750
5 0.346094 0.405208 0.042188 0.047917
5 0.528906 0.376042 0.060937 0.085417
5 0.576562 0.403125 0.075000 0.102083
5 0.582031 0.314583 0.054688 0.075000
5 0.892188 0.692708 0.112500 0.168750
5 0.635938 0.897917 0.187500 0.183333
5 0.062500 0.867708 0.121875 0.106250
3 0.281250 0.580208 0.096875 0.131250
3 0.285938 0.509375 0.087500 0.114583
3 0.725000 0.310417 0.081250 0.112500
7 0.506250 0.625000 0.987500 0.745833
