1 0.090625 0.655208 0.093750 0.093750
1 0.190625 0.540625 0.081250 0.118750
1 0.551562 0.352083 0.065625 0.087500
1 0.935937 0.418750 0.128125 0.137500
1 0.970313 0.443750 0.053125 0.183333
5 0.539062 0.484375 0.090625 0.127083
5 0.616406 0.453125 0.079687 0.114583
5 0.625781 0.370833 0.073438 0.062500
5 0.737500 0.365625 0.078125 0.060417
5 0.828906 0.428125 0.082812 0.064583
5 0.117188 0.442708 0.056250 0.064583
5 0.018750 0.584375 0.031250 0.060417
5 0.010937 0.660417 0.018750 0.070833
3 0.379688 0.397917 0.071875 0.095833
3 0.281250 0.419792 0.071875 0.089583
3 0.848437 0.541667 0.196875 0.158333
7 0.503906 0.567708 0.992188 0.514583
