1 0.330469 0.429167 0.073438 0.104167
1 0.214844 0.821875 0.126562 0.181250
5 0.268750 0.555208 0.118750 0.081250
5 0.205469 0.478125 0.073438 0.085417
5 0.617188 0.409375 0.078125 0.114583
5 0.736719 0.450000 0.095312 0.095833
5 0.846875 0.421875 0.093750 0.064583
5 0.436719 0.828125 0.148438 0.181250
5 0.603125 0.829167 0.159375 0.187500
3 0.156250 0.435417 0.065625 0.054167
3 0.146094 0.456250 0.042188 0.095833
3 0.416406 0.648958 0.117188 0.156250
3 0.916406 0.516667 0.132812 0.191667
7 0.502344 0.683333 0.995313 0.633333
