1 0.578125 0.223958 0.040625 0.056250
1 0.864062 0.348958 0.121875 0.106250
1 0.839844 0.366667 0.076563 0.145833
1 0.369531 0.303125 0.045312 0.056250
1 0.316406 0.295833 0.045312 0.050000
5 0.278906 0.286458 0.029687 0.039583
5 0.415625 0.314583 0.046875 0.054167
5 0.452344 0.322917 0.057813 0.062500
5 0.520312 0.231250 0.053125 0.025000
5 0.691406 0.231250 0.045312 0.033333
3 0.715625 0.298958 0.118750 0.097917
3 0.485156 0.278125 0.045312 0.047917
3 0.490625 0.288542 0.028125 0.068750
3 0.501563 0.209375 0.034375 0.027083
7 0.610938 0.389583 0.778125 0.383333
