0 0.132812 0.357292 0.090625 0.110417
4 0.174219 0.522917 0.060937 0.095833
4 0.493750 0.415625 0.053125 0.081250
1 0.362500 0.262500 0.046875 0.041667
1 0.454688 0.244792 0.040625 0.060417
1 0.713281 0.295833 0.104688 0.108333
1 0.712500 0.220833 0.043750 0.045833
5 0.327344 0.252083 0.017188 0.029167
5 0.400000 0.244792 0.025000 0.027083
5 0.566406 0.246875 0.045312 0.031250
5 0.615625 0.261458 0.046875 0.060417
5 0.653125 0.296875 0.015625 0.064583
5 0.798438 0.267708 0.028125 0.043750
5 0.528906 0.209375 0.035937 0.031250
3 0.616406 0.213542 0.039062 0.039583
3 0.567187 0.210417 0.040625 0.041667
3 0.556250 0.305208 0.103125 0.093750
7 0.621875 0.328125 0.706250 0.268750
