4 0.214062 0.477083 0.050000 0.079167
1 0.422656 0.313542 0.114062 0.093750
1 0.421875 0.246875 0.037500 0.039583
1 0.170313 0.315625 0.040625 0.056250
1 0.085938 0.342708 0.040625 0.039583
5 0.053906 0.340625 0.020313 0.035417
5 0.118750 0.323958 0.028125 0.027083
5 0.278906 0.302083 0.045312 0.033333
5 0.326562 0.306250 0.046875 0.062500
5 0.239844 0.263542 0.035937 0.027083
5 0.510156 0.280208 0.029687 0.043750
3 0.268750 0.357292 0.093750 0.089583
3 0.279687 0.264583 0.037500 0.041667
3 0.326562 0.257292 0.037500 0.039583
7 0.362500 0.369792 0.718750 0.256250
