0 0.203906 0.244792 0.057813 0.064583
4 0.413281 0.227083 0.045312 0.020833
4 0.467187 0.194792 0.043750 0.022917
1 0.242188 0.201042 0.025000 0.018750
1 0.273438 0.193750 0.021875 0.025000
1 0.403125 0.148958 0.018750 0.014583
1 0.489063 0.151042 0.037500 0.039583
5 0.206250 0.208333 0.021875 0.012500
5 0.373437 0.175000 0.028125 0.029167
5 0.393750 0.170833 0.015625 0.025000
3 0.307812 0.177083 0.025000 0.029167
3 0.339062 0.170833 0.025000 0.029167
3 0.432031 0.164583 0.060937 0.029167
7 0.350781 0.191667 0.420312 0.108333
