1 0.821094 0.623958 0.167187 0.289583
1 0.132812 0.431250 0.059375 0.087500
5 0.337500 0.425000 0.071875 0.095833
5 0.423438 0.455208 0.050000 0.064583
5 0.557031 0.436458 0.085938 0.064583
5 0.043750 0.534375 0.081250 0.056250
5 0.046875 0.468750 0.062500 0.070833
5 0.053906 0.762500 0.104688 0.150000
5 0.016406 0.761458 0.029687 0.135417
3 0.493750 0.543750 0.200000 0.191667
3 0.053125 0.617708 0.081250 0.122917
3 0.021094 0.426042 0.039062 0.039583
3 0.013281 0.446875 0.017188 0.072917
7 0.499219 0.687500 0.995313 0.625000
