0 0.967187 0.219792 0.056250 0.081250
0 0.982812 0.547917 0.034375 0.133333
1 0.294531 0.268750 0.042188 0.029167
1 0.350000 0.272917 0.040625 0.025000
1 0.304688 0.236458 0.031250 0.039583
1 0.503125 0.163542 0.062500 0.014583
1 0.487500 0.175000 0.025000 0.029167
5 0.107813 0.334375 0.040625 0.022917
5 0.203906 0.334375 0.026562 0.027083
5 0.298438 0.300000 0.043750 0.041667
5 0.341406 0.234375 0.026562 0.018750
5 0.369531 0.220833 0.029687 0.025000
5 0.396094 0.231250 0.032813 0.037500
5 0.470313 0.205208 0.031250 0.039583
3 0.228906 0.280208 0.032813 0.047917
3 0.257812 0.261458 0.028125 0.035417
3 0.525000 0.195833 0.053125 0.041667
7 0.337500 0.290625 0.587500 0.218750
