1 0.746875 0.534375 0.175000 0.227083
1 0.276562 0.326042 0.050000 0.068750
1 0.032031 0.498958 0.054688 0.085417
5 0.428906 0.333333 0.060937 0.075000
5 0.589844 0.373958 0.054688 0.072917
5 0.084375 0.514583 0.062500 0.091667
5 0.129688 0.532292 0.078125 0.097917
5 0.185156 0.393750 0.070312 0.037500
5 0.207031 0.345833 0.060937 0.045833
3 0.484375 0.422917 0.162500 0.137500
3 0.184375 0.312500 0.043750 0.020833
3 0.171094 0.331250 0.014063 0.054167
3 0.164844 0.450000 0.067187 0.091667
7 0.475000 0.617708 0.946875 0.606250
