0 0.128125 0.307292 0.034375 0.047917
1 0.472656 0.308333 0.048438 0.070833
1 0.496875 0.277083 0.046875 0.066667
1 0.831250 0.283333 0.050000 0.070833
5 0.441406 0.340625 0.054688 0.077083
5 0.414062 0.366667 0.062500 0.079167
5 0.702344 0.300000 0.045312 0.050000
5 0.791406 0.272917 0.026562 0.029167
5 0.835156 0.359375 0.067187 0.085417
5 0.803125 0.423958 0.096875 0.064583
5 0.842187 0.488542 0.096875 0.089583
5 0.508594 0.236458 0.029687 0.010417
3 0.586719 0.445833 0.135937 0.154167
3 0.560937 0.329167 0.065625 0.083333
3 0.807031 0.234375 0.042188 0.031250
7 0.507812 0.588542 0.984375 0.702083
