0 0.115625 0.307292 0.068750 0.077083
4 0.124219 0.404167 0.045312 0.058333
4 0.346094 0.332292 0.026562 0.047917
1 0.300000 0.235417 0.040625 0.029167
1 0.375781 0.219792 0.029687 0.039583
1 0.532813 0.241667 0.084375 0.075000
1 0.579688 0.196875 0.034375 0.043750
5 0.274219 0.231250 0.010937 0.029167
5 0.333594 0.223958 0.032813 0.018750
5 0.449219 0.229167 0.032813 0.037500
5 0.477344 0.232292 0.023438 0.056250
5 0.597656 0.214583 0.029687 0.033333
5 0.641406 0.222917 0.035937 0.037500
5 0.451562 0.187500 0.015625 0.016667
3 0.417187 0.261458 0.068750 0.072917
3 0.474219 0.192708 0.026562 0.031250
3 0.509375 0.191667 0.031250 0.033333
7 0.507812 0.264583 0.559375 0.179167
