0 0.446094 0.821875 0.242188 0.352083
1 0.746875 0.236458 0.043750 0.047917
1 0.969531 0.276042 0.060937 0.064583
1 0.982812 0.306250 0.034375 0.120833
1 0.508594 0.309375 0.057813 0.077083
1 0.449219 0.343750 0.064062 0.050000
5 0.734375 0.300000 0.056250 0.075000
5 0.784375 0.290625 0.043750 0.068750
5 0.346094 0.339583 0.070312 0.041667
5 0.360156 0.357292 0.057813 0.035417
5 0.428906 0.271875 0.035937 0.035417
5 0.877344 0.263542 0.057813 0.035417
3 0.560156 0.262500 0.045312 0.066667
3 0.632031 0.254167 0.045312 0.062500
3 0.907813 0.325000 0.106250 0.087500
7 0.598437 0.343750 0.803125 0.208333
