1 0.699219 0.238542 0.089063 0.039583
1 0.704688 0.277083 0.043750 0.112500
1 0.526563 0.546875 0.106250 0.093750
1 0.500781 0.569792 0.057813 0.131250
1 0.376563 0.508333 0.093750 0.125000
1 0.358594 0.343750 0.057813 0.075000
5 0.172656 0.709375 0.076563 0.143750
5 0.418750 0.645833 0.121875 0.116667
5 0.389062 0.664583 0.053125 0.150000
5 0.413281 0.333333 0.057813 0.037500
5 0.458594 0.302083 0.079687 0.037500
5 0.546094 0.365625 0.067187 0.089583
5 0.544531 0.341667 0.064062 0.083333
5 0.654687 0.297917 0.056250 0.070833
5 0.017969 0.586458 0.032813 0.077083
3 0.764844 0.310417 0.076563 0.104167
3 0.280469 0.408333 0.064062 0.087500
3 0.223438 0.456250 0.068750 0.100000
7 0.449219 0.616667 0.895312 0.766667
