0 0.207813 0.294792 0.040625 0.056250
0 0.579688 0.379167 0.118750 0.158333
4 0.278906 0.433333 0.051562 0.137500
4 0.056250 0.397917 0.034375 0.058333
1 0.645312 0.156250 0.028125 0.037500
1 0.881250 0.189583 0.053125 0.054167
1 0.558594 0.181250 0.032813 0.029167
1 0.505469 0.182292 0.029687 0.027083
5 0.471875 0.183333 0.028125 0.025000
5 0.603906 0.184375 0.029687 0.027083
5 0.637500 0.185417 0.034375 0.033333
5 0.735156 0.159375 0.029687 0.035417
5 0.819531 0.180208 0.014063 0.027083
3 0.580469 0.148958 0.023438 0.022917
3 0.625000 0.168750 0.025000 0.016667
3 0.779687 0.179167 0.059375 0.054167
7 0.695312 0.209375 0.534375 0.106250
