0 0.068750 0.435417 0.106250 0.133333
4 0.505469 0.561458 0.070312 0.122917
4 0.077344 0.710417 0.085938 0.141667
1 0.343750 0.313542 0.053125 0.060417
1 0.455469 0.288542 0.051562 0.068750
1 0.758594 0.269792 0.048438 0.068750
1 0.779687 0.388542 0.134375 0.168750
5 0.304688 0.296875 0.025000 0.043750
5 0.390625 0.285417 0.034375 0.033333
5 0.535156 0.239583 0.039062 0.029167
5 0.590625 0.310417 0.056250 0.058333
5 0.652344 0.320833 0.060937 0.079167
5 0.703906 0.371875 0.020313 0.089583
5 0.864062 0.327083 0.031250 0.050000
3 0.585156 0.396875 0.132812 0.135417
3 0.588281 0.255208 0.045312 0.060417
3 0.647656 0.256250 0.045312 0.062500
7 0.616406 0.431250 0.767188 0.437500
