1 0.675781 0.496875 0.098437 0.093750
1 0.645312 0.518750 0.031250 0.133333
1 0.449219 0.534375 0.098437 0.139583
1 0.175781 0.418750 0.060937 0.066667
1 0.464062 0.256250 0.071875 0.050000
1 0.489063 0.280208 0.028125 0.093750
5 0.472656 0.785417 0.170313 0.129167
5 0.713281 0.614583 0.114062 0.158333
5 0.023438 0.810417 0.040625 0.087500
5 0.227344 0.413542 0.042188 0.047917
5 0.235937 0.371875 0.068750 0.039583
5 0.394531 0.376042 0.060937 0.089583
5 0.433594 0.388542 0.067187 0.093750
5 0.450000 0.315625 0.046875 0.064583
3 0.578906 0.294792 0.076563 0.097917
3 0.170313 0.496875 0.075000 0.093750
3 0.168750 0.556250 0.087500 0.112500
7 0.475000 0.618750 0.934375 0.737500
