1 0.597656 0.361458 0.070312 0.081250
1 0.895312 0.580208 0.100000 0.160417
1 0.902344 0.252083 0.067187 0.050000
1 0.925000 0.287500 0.025000 0.108333
5 0.303125 0.771875 0.159375 0.106250
5 0.891406 0.902083 0.164062 0.191667
5 0.837500 0.365625 0.068750 0.089583
5 0.875781 0.394792 0.070312 0.097917
5 0.885938 0.312500 0.050000 0.062500
5 0.659375 0.321875 0.081250 0.043750
5 0.653906 0.361458 0.045312 0.052083
3 0.590625 0.452083 0.090625 0.112500
3 0.579688 0.525000 0.100000 0.137500
3 0.989844 0.320833 0.020313 0.087500
7 0.547656 0.625000 0.904687 0.750000
