0 0.163281 0.827083 0.232813 0.337500
4 0.945312 0.958333 0.100000 0.083333
1 0.127344 0.384375 0.064062 0.052083
1 0.181250 0.342708 0.056250 0.077083
1 0.414844 0.222917 0.048438 0.050000
1 0.667188 0.218750 0.087500 0.066667
1 0.682031 0.245833 0.057813 0.112500
5 0.402344 0.287500 0.057813 0.066667
5 0.451562 0.266667 0.050000 0.070833
5 0.475000 0.236458 0.031250 0.035417
5 0.552344 0.221875 0.051562 0.031250
5 0.035937 0.398958 0.065625 0.052083
5 0.046094 0.409375 0.054688 0.035417
5 0.110156 0.317708 0.032813 0.039583
3 0.590625 0.276042 0.125000 0.077083
3 0.297656 0.260417 0.048438 0.058333
3 0.230469 0.279167 0.042188 0.054167
7 0.432812 0.345833 0.846875 0.325000
