1 0.253906 0.437500 0.070312 0.095833
1 0.579688 0.652083 0.121875 0.162500
1 0.353906 0.758333 0.142187 0.133333
1 0.955469 0.328125 0.089063 0.139583
5 0.138281 0.520833 0.032813 0.095833
5 0.201563 0.852083 0.128125 0.170833
5 0.307812 0.535417 0.109375 0.104167
5 0.504687 0.359375 0.065625 0.089583
5 0.602344 0.362500 0.089063 0.054167
5 0.663281 0.329167 0.076563 0.045833
5 0.733594 0.566667 0.110937 0.133333
5 0.789062 0.522917 0.084375 0.137500
3 0.575781 0.503125 0.095312 0.118750
3 0.797656 0.348958 0.082812 0.127083
3 0.085938 0.517708 0.075000 0.110417
7 0.503125 0.622917 0.993750 0.754167
