1 0.535156 0.304167 0.057813 0.079167
1 0.492969 0.723958 0.223438 0.272917
1 0.153906 0.394792 0.054688 0.064583
1 0.168750 0.419792 0.062500 0.047917
5 0.147656 0.354167 0.035937 0.012500
5 0.169531 0.468750 0.070312 0.075000
5 0.170313 0.519792 0.071875 0.089583
5 0.401562 0.362500 0.071875 0.054167
5 0.475000 0.309375 0.062500 0.043750
5 0.631250 0.369792 0.068750 0.093750
5 0.650781 0.441667 0.079687 0.087500
5 0.751563 0.483333 0.056250 0.112500
3 0.467187 0.265625 0.050000 0.039583
3 0.296094 0.421875 0.070312 0.093750
3 0.514062 0.512500 0.196875 0.150000
7 0.534375 0.632292 0.931250 0.735417
