0 0.078906 0.369792 0.082812 0.110417
4 0.221094 0.475000 0.035937 0.083333
4 0.474219 0.362500 0.064062 0.058333
1 0.264844 0.266667 0.039062 0.033333
1 0.342187 0.248958 0.037500 0.052083
1 0.576562 0.204167 0.040625 0.037500
1 0.618750 0.248958 0.090625 0.072917
1 0.605469 0.261458 0.057813 0.097917
5 0.228906 0.267708 0.026562 0.031250
5 0.460938 0.230208 0.040625 0.014583
5 0.451562 0.239583 0.018750 0.020833
5 0.508594 0.227083 0.039062 0.020833
5 0.562500 0.264583 0.018750 0.062500
3 0.489844 0.273958 0.098437 0.068750
3 0.485156 0.212500 0.032813 0.041667
3 0.437500 0.213542 0.034375 0.043750
7 0.492188 0.293750 0.675000 0.187500
