1 0.872656 0.234375 0.064062 0.043750
1 0.892188 0.267708 0.025000 0.102083
1 0.846094 0.516667 0.092188 0.137500
1 0.582812 0.333333 0.065625 0.062500
5 0.635938 0.340625 0.040625 0.052083
5 0.646094 0.300000 0.070312 0.033333
5 0.840625 0.364583 0.068750 0.095833
5 0.802344 0.336458 0.057813 0.072917
5 0.857812 0.290625 0.040625 0.060417
5 0.842187 0.771875 0.140625 0.156250
5 0.317188 0.687500 0.143750 0.112500
3 0.968750 0.304167 0.059375 0.100000
3 0.575781 0.410417 0.082812 0.091667
3 0.564844 0.473958 0.092188 0.118750
7 0.557813 0.617708 0.884375 0.756250
