1 0.809375 0.309375 0.106250 0.135417
1 0.106250 0.491667 0.068750 0.108333
1 0.427344 0.664583 0.123438 0.154167
1 0.211719 0.806250 0.132812 0.162500
5 0.443750 0.384375 0.087500 0.052083
5 0.503906 0.342708 0.079687 0.043750
5 0.628906 0.521875 0.095312 0.131250
5 0.579688 0.580208 0.112500 0.135417
5 0.161719 0.579167 0.107813 0.112500
5 0.081250 0.888542 0.128125 0.152083
5 0.345313 0.389583 0.065625 0.091667
5 0.010937 0.571875 0.018750 0.093750
3 0.641406 0.348958 0.085938 0.127083
3 0.417187 0.528125 0.100000 0.114583
7 0.507031 0.619792 0.982812 0.756250
