0 0.831250 0.402083 0.071875 0.104167
0 0.979688 0.700000 0.040625 0.245833
2 0.625000 0.526042 0.181250 0.127083
2 0.591406 0.608333 0.110937 0.045833
4 0.915625 0.272917 0.046875 0.066667
4 0.980469 0.308333 0.039062 0.037500
4 0.839844 0.579167 0.057813 0.154167
4 0.853906 0.690625 0.017188 0.068750
1 0.744531 0.207292 0.039062 0.035417
1 0.913281 0.180208 0.054688 0.064583
5 0.555469 0.239583 0.054688 0.033333
5 0.514062 0.207292 0.012500 0.027083
5 0.656250 0.182292 0.031250 0.043750
5 0.820312 0.191667 0.037500 0.045833
3 0.799219 0.160417 0.029687 0.012500
3 0.793750 0.177083 0.015625 0.041667
7 0.719531 0.226042 0.554688 0.143750
