0 0.259375 0.566667 0.181250 0.245833
0 0.661719 0.685417 0.129688 0.175000
4 0.013281 0.541667 0.023438 0.125000
4 0.532031 0.538542 0.064062 0.185417
4 0.666406 0.562500 0.132812 0.091667
4 0.678906 0.563542 0.107813 0.110417
1 0.675781 0.185417 0.048438 0.066667
1 0.434375 0.227083 0.043750 0.033333
5 0.436719 0.195833 0.032813 0.033333
5 0.564063 0.195833 0.034375 0.037500
5 0.288281 0.256250 0.048438 0.016667
5 0.323437 0.221875 0.031250 0.018750
3 0.578125 0.170833 0.031250 0.020833
3 0.586719 0.185417 0.010937 0.037500
7 0.476562 0.237500 0.584375 0.141667
