0 0.200781 0.347917 0.082812 0.125000
0 0.298438 0.400000 0.065625 0.087500
0 0.006250 0.404167 0.009375 0.045833
2 0.113281 0.313542 0.023438 0.052083
2 0.078906 0.328125 0.014063 0.043750
4 0.098437 0.338542 0.025000 0.072917
4 0.313281 0.338542 0.035937 0.097917
4 0.362500 0.363542 0.056250 0.081250
4 0.378906 0.363542 0.089063 0.039583
1 0.701562 0.153125 0.046875 0.052083
1 0.497656 0.172917 0.029687 0.025000
5 0.400000 0.187500 0.037500 0.016667
5 0.453125 0.163542 0.034375 0.018750
5 0.536719 0.155208 0.026562 0.031250
5 0.616406 0.161458 0.029687 0.035417
3 0.641406 0.152083 0.020313 0.041667
7 0.549219 0.182292 0.470313 0.072917
