0 0.673438 0.521875 0.100000 0.064583
0 0.722656 0.431250 0.151562 0.195833
2 0.391406 0.413542 0.123438 0.127083
4 0.542969 0.417708 0.048438 0.147917
4 0.287500 0.792708 0.068750 0.181250
4 0.706250 0.629167 0.103125 0.162500
4 0.678906 0.240625 0.051562 0.039583
4 0.835938 0.279167 0.031250 0.054167
4 0.608594 0.225000 0.039062 0.054167
1 0.457813 0.200000 0.034375 0.029167
1 0.614844 0.159375 0.051562 0.052083
5 0.526563 0.178125 0.028125 0.035417
5 0.382812 0.197917 0.028125 0.041667
5 0.300781 0.252083 0.042188 0.020833
5 0.259375 0.237500 0.015625 0.020833
3 0.507031 0.163542 0.014063 0.022917
7 0.476562 0.228125 0.543750 0.164583
