0 0.051562 0.522917 0.096875 0.170833
4 0.278125 0.291667 0.037500 0.029167
1 0.325000 0.358333 0.062500 0.058333
1 0.496094 0.298958 0.054688 0.072917
1 0.947656 0.395833 0.104688 0.170833
5 0.274219 0.345833 0.035937 0.054167
5 0.345313 0.319792 0.059375 0.035417
5 0.519531 0.255208 0.039062 0.022917
5 0.643750 0.325000 0.059375 0.079167
5 0.831250 0.352083 0.081250 0.058333
5 0.826562 0.414583 0.081250 0.100000
3 0.588281 0.281250 0.051562 0.075000
3 0.696875 0.463542 0.171875 0.160417
7 0.585156 0.491667 0.829688 0.529167
