0 0.886719 0.861458 0.226562 0.277083
1 0.303906 0.437500 0.073438 0.095833
1 0.349219 0.556250 0.104688 0.087500
1 0.846875 0.267708 0.096875 0.072917
1 0.877344 0.283333 0.042188 0.083333
5 0.135156 0.441667 0.029687 0.066667
5 0.103125 0.582292 0.103125 0.102083
5 0.196875 0.604167 0.100000 0.087500
5 0.563281 0.372917 0.073438 0.095833
5 0.670312 0.323958 0.075000 0.052083
5 0.826562 0.341667 0.050000 0.079167
3 0.335938 0.368750 0.065625 0.054167
3 0.352344 0.386458 0.023438 0.085417
3 0.909375 0.377083 0.112500 0.112500
7 0.500781 0.535417 0.998437 0.587500
