0 0.439844 0.281250 0.079687 0.108333
4 0.771094 0.322917 0.070312 0.054167
4 0.836719 0.260417 0.054688 0.037500
1 0.509375 0.206250 0.034375 0.025000
1 0.557031 0.200000 0.035937 0.041667
1 0.735938 0.161458 0.025000 0.018750
1 0.852344 0.196875 0.054688 0.064583
5 0.457813 0.211458 0.046875 0.022917
5 0.696875 0.196875 0.034375 0.043750
5 0.729688 0.195833 0.031250 0.041667
3 0.603125 0.178125 0.031250 0.035417
3 0.652344 0.177083 0.023438 0.037500
3 0.780469 0.204167 0.073438 0.058333
7 0.654687 0.222917 0.575000 0.104167
