0 0.971094 0.736458 0.057813 0.285417
1 0.577344 0.316667 0.060937 0.079167
1 0.620313 0.381250 0.078125 0.062500
1 0.982812 0.240625 0.034375 0.039583
5 0.413281 0.400000 0.095312 0.079167
5 0.424219 0.310417 0.029687 0.045833
5 0.501563 0.401042 0.078125 0.068750
4 0.156250 0.429167 0.078125 0.050000
5 0.784375 0.292708 0.056250 0.077083
5 0.867188 0.273958 0.059375 0.035417
5 0.984375 0.288542 0.031250 0.060417
3 0.602344 0.268750 0.054688 0.041667
3 0.617969 0.285417 0.017188 0.062500
7 0.640625 0.385417 0.718750 0.320833
