0 0.912500 0.469792 0.131250 0.206250
1 0.599219 0.223958 0.039062 0.085417
1 0.620313 0.203125 0.075000 0.035417
1 0.485156 0.398958 0.076563 0.064583
1 0.308594 0.382292 0.060937 0.081250
5 0.227344 0.501042 0.060937 0.081250
5 0.095312 0.445833 0.053125 0.054167
5 0.400000 0.457292 0.084375 0.077083
5 0.467187 0.307292 0.053125 0.072917
5 0.500781 0.272917 0.032813 0.033333
5 0.639844 0.253125 0.042188 0.060417
3 0.725781 0.257292 0.067187 0.081250
3 0.262500 0.357292 0.028125 0.077083
3 0.282031 0.328125 0.045312 0.027083
7 0.435937 0.443750 0.856250 0.483333
