0 0.317969 0.202083 0.026562 0.020833
0 0.503906 0.195833 0.026562 0.041667
0 0.670312 0.177083 0.056250 0.066667
0 0.766406 0.203125 0.035937 0.047917
2 0.053125 0.364583 0.075000 0.079167
2 0.464062 0.230208 0.040625 0.052083
2 0.546875 0.159375 0.021875 0.039583
4 0.400000 0.212500 0.034375 0.025000
4 0.471094 0.193750 0.029687 0.025000
4 0.565625 0.163542 0.015625 0.035417
4 0.752344 0.166667 0.017188 0.025000
4 0.792969 0.198958 0.029687 0.047917
4 0.800000 0.203125 0.037500 0.022917
1 0.807813 0.120833 0.018750 0.012500
1 0.944531 0.132292 0.032813 0.035417
5 0.734375 0.122917 0.021875 0.008333
5 0.760938 0.115625 0.021875 0.014583
5 0.826562 0.116667 0.015625 0.025000
5 0.885156 0.129167 0.017188 0.025000
3 0.902344 0.128125 0.010937 0.027083
7 0.830469 0.139583 0.320312 0.062500
