0 0.126562 0.295833 0.065625 0.079167
0 0.022656 0.365625 0.032813 0.052083
0 0.145313 0.240625 0.018750 0.027083
2 0.253125 0.228125 0.053125 0.047917
4 0.202344 0.250000 0.020313 0.054167
4 0.095312 0.322917 0.021875 0.058333
4 0.089063 0.360417 0.021875 0.033333
4 0.060156 0.356250 0.035937 0.054167
4 0.091406 0.273958 0.020313 0.018750
1 0.850781 0.216667 0.070312 0.062500
1 0.671875 0.192708 0.037500 0.043750
5 0.802344 0.205208 0.020313 0.052083
5 0.812500 0.165625 0.040625 0.018750
5 0.833594 0.172917 0.023438 0.020833
3 0.886719 0.195833 0.023438 0.033333
7 0.797656 0.227083 0.404687 0.166667
