0 0.193750 0.390625 0.053125 0.077083
0 0.503906 0.342708 0.117188 0.156250
0 0.701562 0.441667 0.084375 0.120833
2 0.303906 0.288542 0.026562 0.072917
2 0.317969 0.251042 0.054688 0.018750
2 0.350000 0.279167 0.015625 0.050000
2 0.048438 0.554167 0.071875 0.104167
4 0.048438 0.420833 0.025000 0.041667
4 0.139844 0.413542 0.051562 0.077083
4 0.332031 0.310417 0.035937 0.095833
4 0.675000 0.336458 0.040625 0.093750
4 0.756250 0.366667 0.071875 0.054167
4 0.768750 0.397917 0.046875 0.091667
4 0.766406 0.397917 0.092188 0.054167
1 0.753906 0.160417 0.032813 0.025000
1 0.956250 0.170833 0.040625 0.062500
5 0.638281 0.165625 0.035937 0.014583
5 0.679688 0.146875 0.021875 0.018750
5 0.775781 0.143750 0.020313 0.037500
5 0.871094 0.162500 0.026562 0.037500
3 0.889844 0.157292 0.023438 0.043750
7 0.772656 0.184375 0.454688 0.110417
