0 0.257812 0.407292 0.125000 0.156250
4 0.754687 0.303125 0.071875 0.047917
4 0.757812 0.411458 0.100000 0.068750
1 0.535156 0.190625 0.035937 0.022917
1 0.720313 0.218750 0.065625 0.083333
1 0.341406 0.271875 0.042188 0.060417
1 0.296875 0.289583 0.046875 0.029167
5 0.514844 0.239583 0.042188 0.054167
5 0.557031 0.234375 0.039062 0.052083
5 0.232813 0.302083 0.034375 0.037500
5 0.217969 0.306250 0.051562 0.029167
5 0.286719 0.251042 0.029687 0.018750
3 0.439063 0.223958 0.040625 0.052083
3 0.383594 0.232292 0.035937 0.047917
3 0.647656 0.234375 0.095312 0.056250
7 0.481250 0.283333 0.734375 0.212500
