0 0.162500 0.332292 0.043750 0.056250
0 0.354687 0.203125 0.053125 0.064583
2 0.965625 0.738542 0.068750 0.227083
4 0.561719 0.176042 0.035937 0.018750
4 0.527344 0.163542 0.029687 0.018750
1 0.285938 0.191667 0.025000 0.029167
1 0.481250 0.130208 0.034375 0.014583
1 0.492969 0.138542 0.017188 0.027083
5 0.213281 0.220833 0.029687 0.016667
5 0.245312 0.206250 0.021875 0.016667
5 0.421875 0.158333 0.018750 0.020833
5 0.391406 0.162500 0.020313 0.020833
3 0.462500 0.148958 0.050000 0.018750
3 0.312500 0.179167 0.025000 0.029167
7 0.367969 0.190625 0.395313 0.127083
