1 0.503125 0.396875 0.071875 0.097917
1 0.700781 0.402083 0.076563 0.104167
1 0.664844 0.250000 0.057813 0.095833
1 0.677344 0.228125 0.079687 0.052083
5 0.295312 0.654167 0.062500 0.141667
5 0.090625 0.545833 0.068750 0.075000
5 0.235156 0.454167 0.070312 0.100000
5 0.537500 0.334375 0.059375 0.047917
5 0.553906 0.353125 0.032813 0.085417
5 0.545312 0.302083 0.040625 0.037500
5 0.719531 0.283333 0.042188 0.075000
3 0.822656 0.293750 0.070312 0.095833
3 0.314063 0.420833 0.068750 0.095833
7 0.478125 0.589583 0.943750 0.741667
