0 0.178906 0.242708 0.023438 0.018750
0 0.356250 0.221875 0.031250 0.039583
0 0.523438 0.190625 0.059375 0.068750
0 0.621094 0.209375 0.035937 0.047917
2 0.319531 0.261458 0.039062 0.052083
2 0.400000 0.181250 0.021875 0.033333
4 0.254688 0.244792 0.031250 0.027083
4 0.327344 0.221875 0.026562 0.022917
4 0.419531 0.184375 0.014063 0.035417
4 0.607812 0.170833 0.018750 0.029167
4 0.649219 0.200000 0.029687 0.050000
4 0.657813 0.205208 0.037500 0.027083
1 0.810156 0.120833 0.035937 0.033333
1 0.666406 0.123958 0.017188 0.014583
5 0.684375 0.117708 0.018750 0.022917
5 0.749219 0.121875 0.020313 0.022917
5 0.586719 0.132292 0.026562 0.006250
5 0.615625 0.119792 0.025000 0.010417
3 0.766406 0.119792 0.014063 0.022917
7 0.695312 0.133333 0.337500 0.050000
