0 0.210156 0.444792 0.060937 0.089583
0 0.573438 0.366667 0.125000 0.166667
0 0.845313 0.454167 0.081250 0.125000
2 0.294531 0.322917 0.051562 0.083333
2 0.118750 0.659375 0.093750 0.135417
4 0.021875 0.491667 0.040625 0.062500
4 0.150781 0.479167 0.067187 0.095833
4 0.334375 0.346875 0.037500 0.106250
4 0.768750 0.367708 0.037500 0.131250
4 0.871875 0.383333 0.059375 0.058333
4 0.859375 0.400000 0.090625 0.045833
1 0.696875 0.169792 0.034375 0.027083
1 0.893750 0.165625 0.037500 0.060417
5 0.698438 0.146875 0.025000 0.022917
5 0.803906 0.163542 0.029687 0.039583
5 0.568750 0.183333 0.037500 0.012500
5 0.587500 0.160417 0.021875 0.020833
5 0.700000 0.142708 0.028125 0.022917
3 0.817187 0.145833 0.021875 0.020833
3 0.823438 0.157292 0.009375 0.035417
7 0.716406 0.193750 0.492188 0.104167
