0 0.271875 0.445833 0.143750 0.170833
4 0.653125 0.282292 0.068750 0.039583
4 0.760156 0.359375 0.082812 0.047917
1 0.171094 0.348958 0.048438 0.039583
1 0.185938 0.328125 0.046875 0.052083
1 0.331250 0.234375 0.037500 0.035417
1 0.553125 0.197917 0.071875 0.033333
1 0.578906 0.222917 0.032813 0.062500
5 0.072656 0.342708 0.017188 0.035417
5 0.357031 0.273958 0.042188 0.056250
5 0.389062 0.258333 0.034375 0.054167
5 0.433594 0.230208 0.048438 0.027083
5 0.490625 0.214583 0.034375 0.012500
5 0.053906 0.391667 0.051562 0.045833
5 0.100781 0.378125 0.042188 0.039583
3 0.190625 0.289583 0.037500 0.041667
3 0.243750 0.276042 0.040625 0.052083
3 0.518750 0.242708 0.087500 0.052083
7 0.357812 0.331250 0.709375 0.295833
