0 0.082812 0.333333 0.071875 0.083333
0 0.114062 0.268750 0.021875 0.033333
2 0.228125 0.259375 0.059375 0.056250
4 0.170313 0.281250 0.021875 0.058333
4 0.052344 0.306250 0.023438 0.012500
4 0.106250 0.291667 0.028125 0.012500
4 0.046875 0.376042 0.028125 0.072917
4 0.033594 0.419792 0.026562 0.043750
4 0.011719 0.414583 0.020313 0.062500
1 0.692187 0.220833 0.037500 0.054167
1 0.905469 0.261458 0.082812 0.081250
5 0.848437 0.239583 0.034375 0.054167
5 0.837500 0.187500 0.034375 0.020833
5 0.870313 0.198958 0.028125 0.039583
3 0.931250 0.222917 0.028125 0.020833
7 0.804688 0.267708 0.390625 0.202083
