1 0.330469 0.447917 0.073438 0.104167
1 0.582812 0.479167 0.093750 0.095833
1 0.632812 0.222917 0.084375 0.041667
1 0.616406 0.247917 0.051562 0.087500
5 0.070312 0.534375 0.065625 0.068750
5 0.263281 0.617708 0.057813 0.106250
5 0.500000 0.568750 0.106250 0.129167
5 0.495312 0.347917 0.065625 0.083333
5 0.503906 0.301042 0.045312 0.039583
5 0.669531 0.278125 0.048438 0.064583
3 0.271875 0.423958 0.046875 0.102083
3 0.280469 0.386458 0.060937 0.039583
3 0.774219 0.282292 0.070312 0.085417
7 0.455469 0.556250 0.892188 0.662500
