0 0.166406 0.393750 0.048438 0.075000
0 0.453906 0.319792 0.104688 0.131250
0 0.656250 0.371875 0.071875 0.097917
2 0.086719 0.527083 0.070312 0.104167
2 0.238281 0.300000 0.035937 0.075000
4 0.118750 0.413542 0.050000 0.068750
4 0.268750 0.313542 0.031250 0.081250
4 0.608594 0.313542 0.032813 0.106250
4 0.691406 0.315625 0.054688 0.039583
4 0.713281 0.347917 0.035937 0.062500
4 0.016406 0.435417 0.029687 0.054167
1 0.800781 0.151042 0.039062 0.047917
1 0.611719 0.164583 0.029687 0.025000
5 0.496094 0.179167 0.039062 0.016667
5 0.523438 0.159375 0.021875 0.018750
5 0.621875 0.142708 0.021875 0.022917
5 0.716406 0.153125 0.026562 0.031250
3 0.738281 0.148958 0.010937 0.031250
7 0.640625 0.173958 0.459375 0.068750
