0 0.180469 0.512500 0.145313 0.200000
0 0.634375 0.607292 0.115625 0.156250
1 0.626563 0.212500 0.071875 0.050000
1 0.648438 0.233333 0.037500 0.091667
1 0.219531 0.317708 0.042188 0.056250
1 0.188281 0.366667 0.054688 0.037500
5 0.090625 0.392708 0.065625 0.035417
5 0.115625 0.385417 0.034375 0.037500
5 0.136719 0.326042 0.032813 0.035417
5 0.384375 0.282292 0.043750 0.060417
5 0.497656 0.258333 0.057813 0.029167
3 0.588281 0.271875 0.110937 0.064583
3 0.258594 0.290625 0.039062 0.047917
7 0.409375 0.340625 0.815625 0.297917
