0 0.112500 0.620833 0.081250 0.129167
0 0.619531 0.520833 0.185938 0.262500
0 0.982031 0.704167 0.035937 0.162500
2 0.242969 0.404167 0.051562 0.112500
2 0.257031 0.366667 0.070312 0.033333
4 0.292187 0.454167 0.053125 0.133333
4 0.039844 0.669792 0.076563 0.127083
4 0.891406 0.533333 0.057813 0.187500
4 0.972656 0.585417 0.054688 0.070833
1 0.741406 0.194792 0.039062 0.031250
1 0.960156 0.196875 0.045312 0.064583
5 0.591406 0.208333 0.045312 0.016667
5 0.620313 0.177083 0.025000 0.025000
5 0.735156 0.166667 0.032813 0.029167
5 0.860938 0.190625 0.031250 0.043750
3 0.870313 0.165625 0.028125 0.014583
3 0.879687 0.180208 0.012500 0.039583
7 0.741406 0.213542 0.517188 0.114583
