0 0.305469 0.341667 0.107813 0.129167
4 0.727344 0.342708 0.082812 0.047917
4 0.735156 0.266667 0.064062 0.037500
1 0.332031 0.252083 0.039062 0.025000
1 0.371094 0.240625 0.039062 0.047917
1 0.544531 0.175000 0.029687 0.020833
1 0.710938 0.192708 0.056250 0.072917
5 0.563281 0.211458 0.035937 0.056250
5 0.526563 0.214583 0.040625 0.045833
5 0.273438 0.265625 0.034375 0.031250
5 0.253125 0.271875 0.043750 0.022917
3 0.642969 0.210417 0.082812 0.058333
3 0.457031 0.198958 0.032813 0.039583
3 0.408594 0.209375 0.026562 0.043750
7 0.496875 0.251042 0.665625 0.172917
