0 0.192188 0.240625 0.025000 0.039583
0 0.336719 0.226042 0.029687 0.043750
0 0.503906 0.205208 0.057813 0.077083
0 0.569531 0.234375 0.042188 0.056250
2 0.442188 0.322917 0.059375 0.075000
2 0.435937 0.184375 0.015625 0.039583
2 0.409375 0.188542 0.012500 0.035417
4 0.247656 0.246875 0.017188 0.022917
4 0.303906 0.238542 0.032813 0.043750
4 0.424219 0.194792 0.017188 0.052083
4 0.582812 0.193750 0.021875 0.037500
4 0.614844 0.223958 0.039062 0.052083
4 0.642969 0.229167 0.026562 0.029167
1 0.743750 0.130208 0.021875 0.018750
1 0.898438 0.134375 0.040625 0.035417
5 0.670312 0.130208 0.028125 0.006250
5 0.719531 0.122917 0.023438 0.012500
5 0.773438 0.123958 0.031250 0.022917
5 0.785937 0.123958 0.018750 0.027083
5 0.836719 0.134375 0.020313 0.027083
3 0.861719 0.134375 0.020313 0.031250
7 0.787500 0.145833 0.375000 0.079167
