0 0.353906 0.397917 0.129688 0.162500
0 0.634375 0.451042 0.084375 0.114583
0 0.023438 0.519792 0.040625 0.089583
2 0.088281 0.385417 0.042188 0.091667
4 0.550781 0.379167 0.045312 0.133333
4 0.657813 0.375000 0.068750 0.050000
4 0.646094 0.390625 0.092188 0.039583
4 0.125000 0.405208 0.040625 0.102083
1 0.685156 0.160417 0.045312 0.058333
1 0.477344 0.190625 0.035937 0.031250
5 0.347656 0.214583 0.039062 0.012500
5 0.368750 0.193750 0.025000 0.025000
5 0.478125 0.163542 0.028125 0.027083
5 0.589844 0.170833 0.029687 0.041667
3 0.600781 0.146875 0.026562 0.018750
3 0.611719 0.162500 0.010937 0.041667
7 0.507812 0.200000 0.503125 0.116667
