0 0.920312 0.255208 0.068750 0.097917
0 0.903125 0.153125 0.021875 0.031250
4 0.292187 0.526042 0.096875 0.110417
1 0.523438 0.269792 0.050000 0.064583
1 0.653906 0.261458 0.048438 0.060417
1 0.577344 0.196875 0.051562 0.068750
5 0.257031 0.371875 0.070312 0.027083
5 0.489844 0.363542 0.057813 0.035417
5 0.347656 0.315625 0.048438 0.064583
5 0.493750 0.236458 0.021875 0.035417
5 0.529687 0.232292 0.031250 0.014583
5 0.620313 0.210417 0.031250 0.045833
3 0.392188 0.293750 0.043750 0.066667
3 0.701562 0.202083 0.043750 0.054167
7 0.471875 0.319792 0.634375 0.264583
