0 0.342187 0.204167 0.056250 0.058333
0 0.628125 0.215625 0.037500 0.052083
0 0.749219 0.204167 0.039062 0.045833
2 0.727344 0.292708 0.054688 0.077083
2 0.965625 0.744792 0.068750 0.227083
4 0.475000 0.231250 0.025000 0.070833
4 0.488281 0.278125 0.060937 0.039583
4 0.678906 0.191667 0.020313 0.066667
4 0.731250 0.172917 0.031250 0.020833
4 0.725781 0.183333 0.014063 0.045833
1 0.271875 0.191667 0.025000 0.025000
1 0.287500 0.192708 0.015625 0.010417
1 0.464062 0.128125 0.037500 0.010417
5 0.211719 0.215625 0.026562 0.022917
5 0.246875 0.207292 0.021875 0.018750
3 0.462500 0.150000 0.053125 0.025000
3 0.283594 0.178125 0.017188 0.014583
7 0.369531 0.194792 0.401562 0.127083
