0 0.495312 0.231250 0.081250 0.087500
0 0.896094 0.322917 0.054688 0.079167
4 0.676562 0.325000 0.034375 0.112500
4 0.692969 0.422917 0.098437 0.070833
4 0.954688 0.284375 0.025000 0.097917
4 0.996875 0.278125 0.006250 0.052083
1 0.668750 0.132292 0.043750 0.018750
1 0.425781 0.193750 0.042188 0.037500
5 0.342187 0.223958 0.037500 0.018750
5 0.382031 0.211458 0.032813 0.022917
5 0.341406 0.206250 0.017188 0.025000
5 0.525000 0.171875 0.028125 0.039583
5 0.587500 0.163542 0.037500 0.022917
3 0.436719 0.169792 0.020313 0.014583
3 0.659375 0.157292 0.056250 0.035417
7 0.539062 0.196875 0.496875 0.156250
