0 0.621094 0.764583 0.260937 0.375000
1 0.343750 0.380208 0.065625 0.085417
1 0.383594 0.457292 0.085938 0.068750
1 0.828125 0.239583 0.087500 0.054167
5 0.169531 0.492708 0.085938 0.085417
5 0.256250 0.492708 0.081250 0.064583
5 0.192188 0.388542 0.031250 0.064583
5 0.571094 0.327083 0.060937 0.079167
5 0.671094 0.292708 0.070312 0.043750
5 0.800000 0.302083 0.031250 0.075000
5 0.810937 0.286458 0.050000 0.043750
3 0.375781 0.321875 0.051562 0.043750
3 0.387500 0.342708 0.031250 0.072917
3 0.867969 0.325000 0.104688 0.087500
7 0.521875 0.448958 0.956250 0.472917
