0 0.042969 0.332292 0.032813 0.043750
0 0.248438 0.296875 0.040625 0.056250
0 0.467969 0.245833 0.076563 0.095833
0 0.603906 0.278125 0.048438 0.068750
2 0.308594 0.234375 0.029687 0.052083
2 0.190625 0.368750 0.050000 0.075000
4 0.331250 0.239583 0.018750 0.054167
4 0.582812 0.223958 0.021875 0.043750
4 0.640625 0.260417 0.034375 0.066667
4 0.653125 0.264583 0.040625 0.033333
4 0.125781 0.329167 0.032813 0.033333
4 0.212500 0.309375 0.037500 0.052083
1 0.628125 0.141667 0.028125 0.020833
1 0.798438 0.136458 0.037500 0.043750
5 0.648438 0.133333 0.021875 0.025000
5 0.725781 0.138542 0.023438 0.027083
5 0.535156 0.153125 0.029687 0.006250
5 0.564844 0.138542 0.023438 0.018750
3 0.743750 0.131250 0.015625 0.029167
7 0.664062 0.156250 0.412500 0.054167
