0 0.569531 0.438542 0.082812 0.110417
0 0.825000 0.666667 0.225000 0.333333
2 0.328906 0.601042 0.179688 0.172917
4 0.619531 0.269792 0.051562 0.064583
4 0.703125 0.290625 0.065625 0.043750
4 0.905469 0.351042 0.048438 0.068750
1 0.617969 0.181250 0.060937 0.058333
1 0.435937 0.240625 0.043750 0.039583
5 0.209375 0.278125 0.018750 0.031250
5 0.348438 0.227083 0.031250 0.037500
5 0.250000 0.298958 0.053125 0.027083
5 0.515625 0.205208 0.031250 0.043750
3 0.498437 0.182292 0.025000 0.010417
3 0.489063 0.196875 0.012500 0.031250
7 0.457813 0.276042 0.634375 0.222917
