0 0.239844 0.318750 0.079687 0.104167
4 0.573438 0.328125 0.071875 0.047917
4 0.642188 0.258333 0.059375 0.033333
1 0.657031 0.191667 0.054688 0.058333
1 0.534375 0.171875 0.028125 0.018750
1 0.353125 0.228125 0.034375 0.043750
1 0.307812 0.243750 0.034375 0.033333
5 0.492969 0.207292 0.032813 0.047917
5 0.524219 0.208333 0.026562 0.045833
5 0.259375 0.252083 0.043750 0.029167
5 0.260156 0.254167 0.026562 0.029167
5 0.312500 0.215625 0.021875 0.014583
3 0.580469 0.203125 0.085938 0.047917
3 0.451562 0.192708 0.031250 0.039583
3 0.402344 0.198958 0.032813 0.035417
7 0.464062 0.239583 0.587500 0.145833
