0 0.124219 0.406250 0.092188 0.129167
4 0.546094 0.242708 0.020313 0.035417
1 0.421875 0.336458 0.059375 0.077083
1 0.632031 0.301042 0.054688 0.072917
1 0.831250 0.571875 0.175000 0.264583
5 0.528125 0.294792 0.065625 0.039583
5 0.678906 0.378125 0.070312 0.089583
5 0.659375 0.541667 0.100000 0.133333
5 0.835156 0.429167 0.045312 0.025000
5 0.742188 0.262500 0.059375 0.016667
5 0.427344 0.289583 0.048438 0.029167
3 0.738281 0.306250 0.054688 0.083333
3 0.427344 0.543750 0.126562 0.191667
7 0.614844 0.593750 0.770312 0.720833
