0 0.848437 0.697917 0.203125 0.325000
1 0.782031 0.228125 0.082812 0.052083
1 0.382031 0.419792 0.076563 0.060417
1 0.335938 0.358333 0.059375 0.070833
5 0.179688 0.462500 0.081250 0.075000
5 0.189844 0.371875 0.023438 0.047917
5 0.263281 0.453125 0.076563 0.064583
5 0.542969 0.307292 0.057813 0.077083
5 0.632812 0.277083 0.065625 0.037500
5 0.758594 0.279167 0.029687 0.062500
3 0.360156 0.307292 0.045312 0.039583
3 0.375000 0.319792 0.018750 0.064583
3 0.821875 0.294792 0.096875 0.077083
7 0.535156 0.423958 0.929688 0.418750
