0 0.655469 0.247917 0.079687 0.100000
0 0.637500 0.145833 0.025000 0.037500
0 0.993750 0.201042 0.012500 0.039583
4 0.047656 0.607292 0.082812 0.106250
1 0.247656 0.323958 0.048438 0.060417
1 0.376563 0.294792 0.046875 0.060417
1 0.300000 0.238542 0.050000 0.068750
5 0.083594 0.395833 0.045312 0.066667
5 0.217188 0.420833 0.053125 0.029167
5 0.019531 0.456250 0.035937 0.025000
5 0.221875 0.296875 0.018750 0.039583
5 0.253906 0.283333 0.035937 0.016667
5 0.342187 0.250000 0.034375 0.054167
3 0.423438 0.234375 0.046875 0.060417
3 0.128125 0.370833 0.050000 0.066667
7 0.258594 0.362500 0.492188 0.312500
