0 0.476562 0.629167 0.203125 0.304167
0 0.022656 0.660417 0.039062 0.129167
0 0.941406 0.907292 0.117188 0.185417
2 0.212500 0.397917 0.084375 0.045833
2 0.244531 0.427083 0.039062 0.104167
2 0.180469 0.446875 0.020313 0.085417
4 0.213281 0.496875 0.057813 0.143750
4 0.797656 0.685417 0.073438 0.237500
4 0.936719 0.763542 0.126562 0.093750
4 0.949219 0.758333 0.101562 0.125000
1 0.800000 0.216667 0.040625 0.041667
5 0.647656 0.217708 0.054688 0.014583
5 0.694531 0.186458 0.029687 0.027083
5 0.809375 0.180208 0.028125 0.031250
5 0.934375 0.217708 0.034375 0.047917
3 0.950000 0.189583 0.021875 0.029167
3 0.956250 0.205208 0.015625 0.039583
7 0.764844 0.235417 0.470313 0.133333
