0 0.728125 0.695833 0.209375 0.329167
1 0.652344 0.228125 0.089063 0.047917
1 0.250781 0.453125 0.073438 0.064583
1 0.206250 0.394792 0.059375 0.077083
5 0.628125 0.284375 0.031250 0.068750
5 0.500781 0.288542 0.067187 0.043750
5 0.409375 0.329167 0.062500 0.070833
5 0.060937 0.507292 0.078125 0.081250
5 0.140625 0.493750 0.071875 0.062500
5 0.065625 0.414583 0.028125 0.054167
3 0.230469 0.341667 0.048438 0.041667
3 0.242969 0.357292 0.017188 0.064583
3 0.696094 0.295833 0.101562 0.083333
7 0.458594 0.440625 0.898438 0.460417
