0 0.339844 0.204167 0.054688 0.058333
0 0.628125 0.215625 0.037500 0.052083
0 0.751563 0.208333 0.037500 0.054167
2 0.728125 0.290625 0.053125 0.081250
2 0.966406 0.743750 0.067187 0.225000
4 0.475000 0.234375 0.025000 0.077083
4 0.489063 0.276042 0.062500 0.043750
4 0.678125 0.191667 0.021875 0.062500
4 0.728906 0.179167 0.023438 0.033333
1 0.466406 0.127083 0.032813 0.012500
1 0.282813 0.193750 0.031250 0.012500
5 0.212500 0.216667 0.025000 0.020833
5 0.246875 0.205208 0.025000 0.018750
5 0.404687 0.163542 0.021875 0.014583
3 0.282813 0.177083 0.018750 0.020833
3 0.460938 0.150000 0.050000 0.025000
7 0.366406 0.201042 0.395313 0.139583
