0 0.685156 0.538542 0.182812 0.260417
1 0.404687 0.316667 0.053125 0.070833
1 0.457813 0.358333 0.068750 0.041667
1 0.810937 0.205208 0.075000 0.043750
5 0.264062 0.404167 0.078125 0.070833
5 0.350781 0.391667 0.070312 0.058333
5 0.257812 0.330208 0.031250 0.052083
5 0.595313 0.272917 0.050000 0.066667
5 0.675781 0.248958 0.057813 0.035417
5 0.793750 0.255208 0.034375 0.056250
3 0.422656 0.270833 0.045312 0.037500
3 0.439844 0.286458 0.017188 0.052083
3 0.850781 0.268750 0.082812 0.070833
7 0.582031 0.363542 0.835938 0.364583
