0 0.362500 0.266667 0.084375 0.091667
0 0.039844 0.545833 0.067187 0.104167
4 0.593750 0.201042 0.046875 0.027083
4 0.653125 0.231250 0.053125 0.033333
1 0.271094 0.233333 0.035937 0.033333
1 0.367969 0.190625 0.023438 0.035417
1 0.530469 0.150000 0.042188 0.020833
1 0.546094 0.163542 0.020313 0.052083
5 0.174219 0.275000 0.035937 0.025000
5 0.219531 0.257292 0.032813 0.022917
5 0.395313 0.200000 0.028125 0.033333
5 0.411719 0.195833 0.026562 0.037500
5 0.453125 0.176042 0.021875 0.022917
3 0.505469 0.178125 0.060937 0.035417
3 0.307031 0.206250 0.026562 0.033333
3 0.267188 0.205208 0.021875 0.014583
7 0.378906 0.243750 0.517188 0.208333
