0 0.054688 0.397917 0.040625 0.066667
0 0.283594 0.357292 0.092188 0.139583
0 0.375000 0.457292 0.081250 0.110417
2 0.052344 0.852083 0.101562 0.170833
2 0.210938 0.298958 0.037500 0.068750
4 0.187500 0.323958 0.031250 0.081250
4 0.410938 0.371875 0.037500 0.122917
4 0.461719 0.413542 0.067187 0.102083
4 0.490625 0.412500 0.100000 0.054167
1 0.667188 0.163542 0.034375 0.031250
1 0.885938 0.169792 0.050000 0.064583
5 0.711719 0.146875 0.026562 0.035417
5 0.799219 0.164583 0.026562 0.037500
5 0.626563 0.148958 0.034375 0.018750
5 0.563281 0.172917 0.042188 0.016667
3 0.828125 0.159375 0.025000 0.043750
7 0.723437 0.186458 0.512500 0.110417
