0 0.280469 0.433333 0.135937 0.166667
0 0.110937 0.496875 0.065625 0.093750
2 0.256250 0.313542 0.065625 0.018750
2 0.232813 0.330208 0.031250 0.039583
4 0.047656 0.531250 0.060937 0.095833
4 0.263281 0.339583 0.029687 0.025000
4 0.766406 0.234375 0.042188 0.056250
4 0.807813 0.268750 0.059375 0.037500
4 0.826562 0.345833 0.065625 0.062500
1 0.731250 0.179167 0.034375 0.029167
1 0.946875 0.184375 0.043750 0.068750
5 0.598437 0.187500 0.040625 0.016667
5 0.639062 0.163542 0.021875 0.018750
5 0.744531 0.153125 0.026562 0.027083
5 0.856250 0.176042 0.028125 0.035417
3 0.875000 0.166667 0.015625 0.041667
7 0.748437 0.205208 0.503125 0.114583
