0 0.077344 0.398958 0.048438 0.068750
0 0.609375 0.257292 0.084375 0.106250
4 0.928906 0.333333 0.067187 0.058333
4 0.982812 0.279167 0.034375 0.045833
1 0.678125 0.195833 0.040625 0.029167
1 0.728125 0.188542 0.034375 0.043750
1 0.893750 0.170833 0.025000 0.020833
1 0.989844 0.211458 0.020313 0.060417
5 0.626563 0.196875 0.046875 0.018750
5 0.627344 0.192708 0.029687 0.027083
5 0.858594 0.200000 0.035937 0.041667
5 0.888281 0.204167 0.026562 0.041667
3 0.775000 0.176042 0.031250 0.043750
3 0.818750 0.176042 0.028125 0.035417
3 0.937500 0.214583 0.068750 0.050000
7 0.770312 0.218750 0.459375 0.120833
