0 0.421094 0.341667 0.060937 0.079167
0 0.672656 0.193750 0.064062 0.075000
4 0.857812 0.176042 0.037500 0.018750
4 0.903906 0.204167 0.042188 0.025000
1 0.585156 0.162500 0.032813 0.033333
1 0.670312 0.137500 0.021875 0.029167
1 0.812500 0.127083 0.025000 0.016667
1 0.820312 0.139583 0.015625 0.033333
5 0.500781 0.181250 0.035937 0.016667
5 0.710156 0.148958 0.023438 0.031250
5 0.732031 0.142708 0.032813 0.022917
5 0.540625 0.172917 0.031250 0.020833
3 0.577344 0.140625 0.023438 0.014583
3 0.615625 0.144792 0.021875 0.031250
3 0.787500 0.143750 0.050000 0.033333
7 0.669531 0.164583 0.454688 0.108333
