0 0.232031 0.477083 0.076563 0.100000
0 0.536719 0.678125 0.242188 0.327083
0 0.979688 0.318750 0.040625 0.075000
2 0.043750 0.692708 0.075000 0.177083
2 0.070312 0.647917 0.134375 0.083333
4 0.810156 0.710417 0.126562 0.175000
4 0.246094 0.626042 0.067187 0.110417
4 0.314844 0.315625 0.048438 0.068750
4 0.398438 0.322917 0.065625 0.050000
4 0.614062 0.347917 0.056250 0.066667
1 0.311719 0.223958 0.057813 0.060417
1 0.138281 0.312500 0.039062 0.033333
5 0.212500 0.270833 0.031250 0.050000
5 0.061719 0.315625 0.032813 0.043750
3 0.190625 0.253125 0.015625 0.027083
7 0.240625 0.317708 0.471875 0.239583
