0 0.267188 0.368750 0.106250 0.137500
0 0.821875 0.755208 0.134375 0.181250
4 0.978125 0.576042 0.043750 0.202083
4 0.291406 0.754167 0.104688 0.237500
1 0.250781 0.280208 0.048438 0.027083
1 0.271875 0.251042 0.040625 0.031250
1 0.610938 0.173958 0.059375 0.039583
1 0.630469 0.189583 0.026562 0.066667
5 0.412500 0.229167 0.034375 0.050000
5 0.502344 0.210417 0.051562 0.033333
5 0.167187 0.310417 0.056250 0.029167
5 0.192969 0.307292 0.026562 0.031250
5 0.197656 0.270833 0.035937 0.037500
3 0.575781 0.215625 0.085938 0.047917
3 0.307812 0.238542 0.034375 0.043750
7 0.417969 0.275000 0.682813 0.233333
