0 0.125000 0.292708 0.031250 0.043750
0 0.289844 0.282292 0.039062 0.056250
0 0.501563 0.254167 0.075000 0.100000
0 0.594531 0.309375 0.060937 0.072917
2 0.415625 0.217708 0.021875 0.056250
2 0.414844 0.491667 0.089063 0.116667
4 0.606250 0.246875 0.025000 0.056250
4 0.650781 0.288542 0.051562 0.072917
4 0.672656 0.293750 0.064062 0.037500
4 0.400781 0.233333 0.023438 0.066667
4 0.248438 0.295833 0.040625 0.050000
4 0.179688 0.303125 0.015625 0.027083
1 0.782031 0.143750 0.026562 0.025000
1 0.960156 0.158333 0.039062 0.050000
5 0.692969 0.144792 0.035937 0.010417
5 0.745313 0.131250 0.031250 0.025000
5 0.821094 0.134375 0.020313 0.031250
5 0.888281 0.151042 0.023438 0.031250
3 0.910937 0.148958 0.025000 0.031250
7 0.806250 0.167708 0.387500 0.097917
