0 0.105469 0.871875 0.198437 0.247917
1 0.840625 0.302083 0.100000 0.091667
1 0.868750 0.358333 0.046875 0.029167
1 0.256250 0.410417 0.062500 0.091667
1 0.190625 0.525000 0.087500 0.079167
5 0.065625 0.513542 0.084375 0.081250
5 0.078125 0.546875 0.078125 0.068750
5 0.160938 0.391667 0.043750 0.054167
5 0.500000 0.372917 0.065625 0.087500
5 0.656250 0.338542 0.084375 0.052083
5 0.788281 0.340625 0.064062 0.035417
3 0.814844 0.419792 0.154688 0.122917
3 0.321094 0.364583 0.057813 0.079167
7 0.506250 0.468750 0.987500 0.433333
