0 0.077344 0.328125 0.032813 0.047917
0 0.257812 0.275000 0.065625 0.087500
0 0.342969 0.300000 0.045312 0.062500
2 0.146875 0.270833 0.015625 0.037500
2 0.173437 0.263542 0.018750 0.039583
2 0.010937 0.397917 0.018750 0.062500
4 0.046094 0.340625 0.029687 0.039583
4 0.160938 0.281250 0.021875 0.062500
4 0.346094 0.247917 0.023438 0.041667
4 0.385937 0.280208 0.043750 0.060417
4 0.401562 0.280208 0.062500 0.027083
1 0.485156 0.153125 0.026562 0.018750
1 0.660937 0.137500 0.040625 0.041667
5 0.403125 0.167708 0.028125 0.010417
5 0.445312 0.151042 0.018750 0.018750
5 0.523438 0.139583 0.021875 0.025000
5 0.591406 0.143750 0.020313 0.025000
3 0.614062 0.136458 0.021875 0.031250
7 0.535937 0.163542 0.403125 0.060417
