0 0.975000 0.173958 0.021875 0.031250
4 0.189844 0.842708 0.151562 0.181250
1 0.615625 0.229167 0.062500 0.091667
1 0.723437 0.328125 0.062500 0.085417
1 0.548438 0.339583 0.065625 0.083333
5 0.185938 0.506250 0.090625 0.058333
5 0.505469 0.527083 0.089063 0.079167
5 0.313281 0.410417 0.067187 0.091667
5 0.515625 0.281250 0.028125 0.045833
5 0.551562 0.290625 0.059375 0.039583
5 0.667188 0.248958 0.043750 0.064583
3 0.378125 0.377083 0.059375 0.087500
3 0.771875 0.245833 0.059375 0.083333
7 0.469531 0.459375 0.795312 0.493750
