0 0.132812 0.418750 0.056250 0.079167
0 0.368750 0.233333 0.065625 0.083333
4 0.566406 0.180208 0.042188 0.022917
4 0.615625 0.202083 0.043750 0.025000
1 0.513281 0.141667 0.039062 0.016667
1 0.522656 0.150000 0.020313 0.041667
1 0.368750 0.177083 0.025000 0.029167
1 0.285156 0.212500 0.029687 0.025000
5 0.202344 0.245833 0.029687 0.016667
5 0.241406 0.231250 0.023438 0.020833
5 0.410938 0.178125 0.028125 0.031250
5 0.434375 0.168750 0.034375 0.020833
3 0.488281 0.160417 0.051562 0.029167
3 0.314063 0.193750 0.021875 0.029167
3 0.278906 0.193750 0.020313 0.012500
7 0.378906 0.233333 0.451562 0.195833
