0 0.092188 0.332292 0.087500 0.106250
0 0.058594 0.236458 0.054688 0.064583
2 0.578906 0.176042 0.048438 0.027083
2 0.589844 0.187500 0.029687 0.045833
4 0.451562 0.202083 0.031250 0.041667
4 0.260156 0.208333 0.039062 0.025000
4 0.912500 0.244792 0.031250 0.014583
4 0.925000 0.254167 0.021875 0.037500
1 0.370312 0.165625 0.021875 0.027083
1 0.302344 0.172917 0.014063 0.029167
5 0.321875 0.163542 0.009375 0.043750
5 0.405469 0.155208 0.017188 0.014583
3 0.398438 0.169792 0.021875 0.014583
3 0.282813 0.175000 0.018750 0.029167
7 0.325781 0.190625 0.417187 0.060417
