0 0.326562 0.396875 0.125000 0.160417
0 0.305469 0.235417 0.067187 0.075000
2 0.071875 0.367708 0.068750 0.102083
2 0.903906 0.253125 0.051562 0.031250
2 0.919531 0.267708 0.026562 0.047917
0 0.888281 0.283333 0.032813 0.037500
4 0.554688 0.234375 0.043750 0.022917
4 0.775781 0.264583 0.032813 0.050000
1 0.602344 0.196875 0.020313 0.039583
1 0.678906 0.203125 0.026562 0.035417
5 0.625000 0.191667 0.015625 0.050000
5 0.714844 0.193750 0.023438 0.020833
3 0.582031 0.198958 0.023438 0.027083
3 0.713281 0.215625 0.026562 0.022917
7 0.625781 0.225000 0.457813 0.083333
