4 0.020313 0.795833 0.037500 0.054167
4 0.060937 0.735417 0.040625 0.091667
4 0.211719 0.709375 0.032813 0.089583
4 0.235937 0.741667 0.034375 0.116667
4 0.257812 0.684375 0.043750 0.072917
4 0.439844 0.630208 0.032813 0.043750
4 0.571875 0.593750 0.031250 0.033333
4 0.848437 0.602083 0.037500 0.079167
4 0.936719 0.586458 0.029687 0.102083
4 0.943750 0.552083 0.028125 0.041667
0 0.810937 0.601042 0.043750 0.060417
0 0.675781 0.584375 0.026562 0.035417
0 0.552344 0.614583 0.032813 0.045833
0 0.318750 0.651042 0.034375 0.043750
