0 0.506250 0.187500 0.028125 0.037500
0 0.115625 0.255208 0.065625 0.077083
0 0.659375 0.197917 0.025000 0.033333
2 0.155469 0.173958 0.039062 0.022917
2 0.672656 0.175000 0.035937 0.025000
2 0.680469 0.188542 0.020313 0.039583
4 0.716406 0.202083 0.026562 0.033333
5 0.261719 0.188542 0.023438 0.022917
1 0.249219 0.145833 0.035937 0.033333
1 0.142969 0.163542 0.020313 0.018750
5 0.203906 0.144792 0.017188 0.010417
5 0.393750 0.141667 0.021875 0.016667
3 0.308594 0.147917 0.020313 0.020833
3 0.214844 0.156250 0.020313 0.012500
7 0.246094 0.169792 0.348438 0.064583
