0 0.813281 0.342708 0.048438 0.068750
0 0.796875 0.243750 0.028125 0.025000
2 0.941406 0.405208 0.048438 0.077083
4 0.626563 0.317708 0.040625 0.047917
4 0.788281 0.278125 0.035937 0.047917
4 0.865625 0.210417 0.021875 0.029167
4 0.973437 0.269792 0.028125 0.027083
0 0.508594 0.204167 0.054688 0.041667
0 0.520312 0.215625 0.031250 0.064583
0 0.256250 0.282292 0.043750 0.052083
5 0.295312 0.263542 0.028125 0.039583
5 0.465625 0.211458 0.028125 0.043750
3 0.453125 0.287500 0.071875 0.083333
3 0.489844 0.239583 0.032813 0.050000
7 0.391406 0.285417 0.557813 0.187500
