0 0.210938 0.158333 0.031250 0.037500
0 0.013281 0.213542 0.023438 0.052083
0 0.521094 0.194792 0.029687 0.039583
2 0.600000 0.189583 0.037500 0.050000
4 0.365625 0.167708 0.031250 0.018750
4 0.428125 0.181250 0.028125 0.033333
4 0.821875 0.311458 0.043750 0.060417
4 0.928906 0.331250 0.048438 0.045833
1 0.492188 0.153125 0.021875 0.022917
1 0.563281 0.160417 0.026562 0.029167
5 0.604688 0.158333 0.015625 0.025000
5 0.546875 0.145833 0.009375 0.029167
3 0.464844 0.150000 0.020313 0.025000
3 0.528906 0.160417 0.023438 0.016667
7 0.528125 0.171875 0.390625 0.072917
