0 0.208594 0.206250 0.048438 0.058333
0 0.505469 0.170833 0.023438 0.033333
0 0.631250 0.179167 0.021875 0.029167
2 0.642188 0.158333 0.031250 0.016667
2 0.650781 0.168750 0.010937 0.033333
2 0.206250 0.153125 0.034375 0.018750
4 0.300000 0.169792 0.021875 0.018750
4 0.680469 0.180208 0.023438 0.031250
1 0.182812 0.150000 0.015625 0.016667
1 0.278125 0.133333 0.031250 0.029167
5 0.230469 0.138542 0.010937 0.014583
5 0.401562 0.136458 0.018750 0.010417
3 0.245312 0.140625 0.015625 0.010417
3 0.329688 0.139583 0.018750 0.012500
7 0.274219 0.154167 0.314063 0.050000
