0 0.633594 0.254167 0.039062 0.054167
0 0.931250 0.607292 0.137500 0.222917
2 0.532031 0.229167 0.051562 0.066667
4 0.673438 0.421875 0.050000 0.072917
4 0.696875 0.295833 0.043750 0.058333
4 0.667969 0.186458 0.023438 0.031250
4 0.585156 0.182292 0.026562 0.014583
1 0.240625 0.307292 0.050000 0.068750
1 0.286719 0.358333 0.057813 0.083333
5 0.157031 0.330208 0.032813 0.106250
5 0.203125 0.293750 0.021875 0.054167
3 0.351562 0.367708 0.062500 0.085417
3 0.416406 0.293750 0.048438 0.066667
7 0.356250 0.470833 0.684375 0.466667
