0 0.476562 0.296875 0.050000 0.068750
0 0.699219 0.594792 0.104688 0.143750
2 0.812500 0.392708 0.081250 0.085417
2 0.239844 0.208333 0.060937 0.050000
4 0.287500 0.248958 0.046875 0.031250
4 0.807813 0.487500 0.075000 0.104167
1 0.392188 0.177083 0.025000 0.033333
1 0.650000 0.206250 0.056250 0.050000
5 0.499219 0.179167 0.029687 0.037500
5 0.426563 0.195833 0.015625 0.012500
5 0.615625 0.201042 0.009375 0.031250
3 0.542188 0.198958 0.034375 0.027083
3 0.448437 0.187500 0.021875 0.033333
7 0.515625 0.215625 0.481250 0.102083
