0 0.396094 0.198958 0.032813 0.043750
0 0.116406 0.168750 0.032813 0.045833
2 0.488281 0.192708 0.042188 0.056250
4 0.267188 0.172917 0.028125 0.016667
4 0.306250 0.189583 0.028125 0.037500
4 0.673438 0.341667 0.059375 0.079167
4 0.833594 0.358333 0.067187 0.054167
1 0.483594 0.153125 0.017188 0.018750
1 0.407813 0.153125 0.021875 0.031250
5 0.469531 0.137500 0.014063 0.020833
5 0.528125 0.161458 0.025000 0.031250
3 0.431250 0.160417 0.021875 0.025000
3 0.382031 0.150000 0.026562 0.025000
7 0.444531 0.171875 0.417187 0.077083
