0 0.361719 0.220833 0.060937 0.066667
0 0.635938 0.353125 0.084375 0.131250
0 0.832812 0.235417 0.025000 0.033333
2 0.333594 0.344792 0.101562 0.106250
2 0.811719 0.213542 0.014063 0.039583
2 0.825000 0.207292 0.040625 0.022917
4 0.546875 0.210417 0.043750 0.020833
4 0.747656 0.225000 0.026562 0.037500
1 0.604688 0.173958 0.028125 0.031250
5 0.552344 0.156250 0.014063 0.020833
5 0.632031 0.172917 0.020313 0.029167
3 0.535937 0.175000 0.021875 0.020833
3 0.656250 0.184375 0.021875 0.018750
7 0.554688 0.192708 0.465625 0.060417
