0 0.103906 0.167708 0.032813 0.014583
2 0.514844 0.180208 0.045312 0.039583
4 0.263281 0.176042 0.029687 0.018750
4 0.348438 0.183333 0.025000 0.033333
4 0.793750 0.273958 0.034375 0.052083
4 0.861719 0.280208 0.045312 0.027083
1 0.371094 0.153125 0.023438 0.022917
1 0.442969 0.152083 0.023438 0.025000
0 0.448437 0.188542 0.028125 0.039583
5 0.482031 0.153125 0.017188 0.022917
5 0.421094 0.139583 0.010937 0.020833
3 0.347656 0.154167 0.023438 0.025000
3 0.417969 0.159375 0.020313 0.014583
7 0.392188 0.169792 0.359375 0.052083
