0 0.471094 0.222917 0.039062 0.050000
0 0.601562 0.342708 0.059375 0.081250
2 0.282813 0.171875 0.053125 0.039583
2 0.696875 0.260417 0.059375 0.041667
2 0.714844 0.279167 0.023438 0.070833
4 0.682031 0.309375 0.048438 0.064583
4 0.325000 0.197917 0.037500 0.020833
1 0.402344 0.151042 0.017188 0.022917
1 0.610156 0.170833 0.045312 0.037500
5 0.489063 0.154167 0.021875 0.029167
5 0.582031 0.168750 0.004687 0.025000
3 0.446094 0.157292 0.020313 0.022917
3 0.521094 0.167708 0.026562 0.018750
7 0.507031 0.182292 0.382812 0.068750
