0 0.604688 0.327083 0.100000 0.120833
0 0.715625 0.222917 0.028125 0.041667
0 0.822656 0.227083 0.023438 0.033333
2 0.292969 0.211458 0.042188 0.060417
2 0.794531 0.206250 0.026562 0.033333
2 0.803125 0.198958 0.040625 0.022917
4 0.437500 0.218750 0.040625 0.025000
4 0.857812 0.228125 0.025000 0.031250
1 0.285938 0.158333 0.034375 0.029167
1 0.172656 0.190625 0.023438 0.035417
5 0.454688 0.156250 0.025000 0.012500
5 0.223438 0.175000 0.021875 0.029167
3 0.378906 0.166667 0.026562 0.016667
3 0.265625 0.175000 0.021875 0.016667
7 0.275781 0.193750 0.435937 0.091667
