0 0.639844 0.347917 0.126562 0.062500
0 0.603125 0.389583 0.053125 0.141667
0 0.903125 0.272917 0.028125 0.033333
2 0.706250 0.443750 0.143750 0.120833
2 0.846094 0.247917 0.048438 0.054167
4 0.710156 0.328125 0.048438 0.035417
4 0.887500 0.301042 0.034375 0.047917
4 0.995313 0.259375 0.009375 0.014583
1 0.522656 0.243750 0.026562 0.045833
1 0.557813 0.217708 0.037500 0.035417
5 0.482031 0.219792 0.020313 0.068750
5 0.576562 0.209375 0.009375 0.031250
3 0.677344 0.242708 0.035937 0.047917
3 0.553125 0.260417 0.043750 0.054167
7 0.483594 0.291667 0.576562 0.191667
