0 0.380469 0.245833 0.060937 0.083333
0 0.617969 0.193750 0.026562 0.037500
0 0.735938 0.201042 0.018750 0.027083
2 0.731250 0.178125 0.037500 0.018750
2 0.719531 0.187500 0.014063 0.033333
2 0.260937 0.182292 0.031250 0.043750
4 0.384375 0.189583 0.015625 0.020833
4 0.781250 0.205208 0.025000 0.031250
1 0.194531 0.168750 0.020313 0.025000
1 0.296875 0.151042 0.031250 0.035417
5 0.246094 0.153125 0.017188 0.018750
5 0.439844 0.144792 0.020313 0.010417
3 0.369531 0.151042 0.017188 0.014583
7 0.289844 0.171875 0.370312 0.060417
