0 0.235937 0.177083 0.021875 0.033333
0 0.468750 0.184375 0.028125 0.035417
2 0.158594 0.191667 0.023438 0.033333
4 0.664062 0.265625 0.040625 0.031250
4 0.913281 0.278125 0.029687 0.043750
4 0.373437 0.180208 0.028125 0.031250
4 0.292969 0.172917 0.029687 0.016667
4 0.396875 0.150000 0.031250 0.012500
4 0.520312 0.156250 0.018750 0.025000
0 0.489844 0.151042 0.035937 0.031250
0 0.335938 0.145833 0.018750 0.025000
3 0.423438 0.154167 0.025000 0.025000
3 0.300000 0.147917 0.040625 0.025000
7 0.423438 0.169792 0.359375 0.047917
