0 0.813281 0.647917 0.117188 0.275000
0 0.850781 0.588542 0.154688 0.156250
0 0.944531 0.317708 0.035937 0.039583
2 0.868750 0.281250 0.053125 0.062500
2 0.936719 0.748958 0.126562 0.202083
4 0.808594 0.447917 0.048438 0.070833
4 0.960156 0.367708 0.039062 0.060417
4 0.989062 0.270833 0.015625 0.020833
1 0.539062 0.272917 0.046875 0.054167
1 0.515625 0.316667 0.043750 0.066667
5 0.443750 0.279167 0.028125 0.091667
3 0.559375 0.336458 0.062500 0.077083
3 0.697656 0.301042 0.045312 0.060417
7 0.431250 0.403125 0.703125 0.356250
