0 0.167969 0.182292 0.045312 0.047917
0 0.335938 0.295833 0.046875 0.066667
0 0.460156 0.175000 0.048438 0.050000
2 0.245312 0.166667 0.046875 0.041667
2 0.425781 0.316667 0.098437 0.095833
4 0.381250 0.252083 0.037500 0.054167
4 0.531250 0.227083 0.021875 0.029167
4 0.165625 0.925000 0.103125 0.150000
0 0.728125 0.254167 0.034375 0.050000
0 0.779687 0.287500 0.037500 0.054167
5 0.821094 0.275000 0.017188 0.079167
5 0.820312 0.313542 0.040625 0.056250
3 0.689844 0.240625 0.032813 0.047917
3 0.633594 0.268750 0.042188 0.054167
7 0.778906 0.315625 0.423438 0.231250
