0 0.225781 0.298958 0.048438 0.068750
0 0.348438 0.172917 0.050000 0.050000
0 0.065625 0.200000 0.046875 0.045833
2 0.313281 0.316667 0.098437 0.095833
2 0.137500 0.173958 0.046875 0.035417
4 0.270313 0.252083 0.037500 0.050000
4 0.416406 0.218750 0.023438 0.029167
4 0.032813 0.921875 0.062500 0.147917
0 0.615625 0.232292 0.034375 0.047917
0 0.667969 0.263542 0.042188 0.056250
5 0.710938 0.285417 0.043750 0.066667
5 0.711719 0.248958 0.017188 0.068750
3 0.523438 0.257292 0.046875 0.060417
3 0.576562 0.223958 0.034375 0.052083
7 0.668750 0.288542 0.437500 0.197917
