0 0.320312 0.169792 0.040625 0.047917
0 0.703125 0.210417 0.025000 0.037500
0 0.823438 0.248958 0.031250 0.039583
2 0.888281 0.240625 0.032813 0.022917
2 0.900000 0.256250 0.012500 0.041667
2 0.674219 0.171875 0.026562 0.035417
4 0.759375 0.197917 0.031250 0.020833
4 0.881250 0.273958 0.028125 0.043750
1 0.640625 0.146875 0.012500 0.018750
1 0.704688 0.154167 0.025000 0.025000
5 0.822656 0.194792 0.020313 0.018750
5 0.701562 0.163542 0.015625 0.010417
3 0.656250 0.153125 0.012500 0.018750
7 0.714063 0.184375 0.309375 0.085417
