0 0.512500 0.372917 0.065625 0.087500
0 0.183594 0.213542 0.042188 0.064583
2 0.678906 0.380208 0.107813 0.114583
4 0.579688 0.434375 0.078125 0.106250
4 0.663281 0.247917 0.048438 0.037500
4 0.123438 0.264583 0.037500 0.054167
1 0.664844 0.181250 0.023438 0.033333
1 0.719531 0.212500 0.017188 0.025000
1 0.762500 0.189583 0.040625 0.029167
5 0.796094 0.218750 0.026562 0.033333
5 0.618750 0.178125 0.015625 0.014583
3 0.539844 0.168750 0.029687 0.029167
3 0.635938 0.188542 0.025000 0.031250
3 0.757812 0.222917 0.059375 0.041667
7 0.689844 0.220833 0.464062 0.125000
