0 0.532031 0.205208 0.032813 0.043750
0 0.408594 0.187500 0.029687 0.033333
0 0.042188 0.206250 0.037500 0.045833
2 0.603906 0.192708 0.039062 0.027083
2 0.378906 0.154167 0.026562 0.033333
4 0.596094 0.219792 0.032813 0.039583
4 0.465625 0.166667 0.031250 0.016667
1 0.342969 0.134375 0.014063 0.014583
1 0.407031 0.128125 0.026562 0.010417
5 0.532031 0.152083 0.020313 0.012500
5 0.403906 0.142708 0.017188 0.006250
3 0.453125 0.144792 0.018750 0.014583
3 0.357812 0.140625 0.009375 0.014583
7 0.428125 0.154167 0.321875 0.050000
