0 0.578125 0.208333 0.031250 0.041667
0 0.746094 0.230208 0.026562 0.039583
0 0.103125 0.243750 0.062500 0.075000
2 0.387500 0.166667 0.037500 0.037500
2 0.775000 0.219792 0.031250 0.047917
4 0.812500 0.241667 0.028125 0.041667
4 0.482812 0.176042 0.031250 0.018750
1 0.250000 0.152083 0.018750 0.025000
1 0.335156 0.142708 0.039062 0.027083
5 0.505469 0.152083 0.017188 0.012500
5 0.360156 0.151042 0.014063 0.014583
3 0.417187 0.147917 0.021875 0.016667
3 0.281250 0.153125 0.021875 0.018750
7 0.361719 0.168750 0.360938 0.033333
