0 0.428125 0.286458 0.050000 0.064583
2 0.924219 0.389583 0.095312 0.100000
4 0.463281 0.268750 0.039062 0.062500
4 0.457813 0.244792 0.050000 0.031250
4 0.025781 0.421875 0.045312 0.097917
1 0.284375 0.176042 0.025000 0.031250
1 0.403906 0.175000 0.048438 0.054167
1 0.439063 0.193750 0.031250 0.020833
5 0.464062 0.176042 0.021875 0.018750
5 0.229687 0.189583 0.018750 0.020833
3 0.490625 0.197917 0.065625 0.041667
3 0.298438 0.186458 0.031250 0.027083
3 0.170313 0.194792 0.025000 0.027083
7 0.336719 0.213542 0.489063 0.077083
