0 0.290625 0.910417 0.115625 0.145833
0 0.322656 0.728125 0.057813 0.031250
0 0.524219 0.758333 0.120313 0.150000
0 0.726562 0.821875 0.090625 0.131250
0 0.776563 0.747917 0.131250 0.154167
4 0.654687 0.753125 0.037500 0.143750
4 0.698438 0.669792 0.028125 0.085417
4 0.705469 0.669792 0.045312 0.047917
4 0.752344 0.632292 0.026562 0.047917
4 0.773438 0.660417 0.025000 0.029167
4 0.854688 0.664583 0.037500 0.062500
4 0.984375 0.644792 0.025000 0.081250
4 0.880469 0.795833 0.082812 0.125000
4 0.595313 0.747917 0.018750 0.079167
4 0.343750 0.812500 0.043750 0.141667
