0 0.349219 0.644792 0.085938 0.085417
0 0.458594 0.596875 0.029687 0.043750
0 0.547656 0.572917 0.026562 0.029167
0 0.675000 0.566667 0.025000 0.029167
0 0.802344 0.563542 0.039062 0.043750
0 0.841406 0.621875 0.042188 0.060417
4 0.164844 0.633333 0.035937 0.025000
4 0.184375 0.601042 0.015625 0.047917
4 0.270313 0.592708 0.015625 0.043750
4 0.285156 0.587500 0.023438 0.033333
4 0.293750 0.604167 0.015625 0.054167
4 0.405469 0.573958 0.026562 0.027083
4 0.496875 0.565625 0.015625 0.022917
4 0.645312 0.573958 0.018750 0.047917
4 0.706250 0.576042 0.018750 0.056250
4 0.753906 0.551042 0.020313 0.010417
