4 0.703906 0.687500 0.023438 0.095833
4 0.759375 0.638542 0.028125 0.052083
4 0.791406 0.681250 0.042188 0.062500
0 0.105469 0.983333 0.126562 0.033333
0 0.485156 0.816667 0.160938 0.200000
0 0.809375 0.807292 0.165625 0.206250
0 0.250000 0.781250 0.068750 0.058333
0 0.759375 0.923958 0.131250 0.152083
4 0.886719 0.678125 0.042188 0.068750
4 0.957812 0.891667 0.084375 0.175000
4 0.652344 0.802083 0.051562 0.166667
4 0.573438 0.788542 0.028125 0.102083
4 0.706250 0.683333 0.043750 0.050000
4 0.229687 0.896875 0.071875 0.189583
