4 0.115625 0.712500 0.050000 0.025000
4 0.205469 0.670833 0.023438 0.050000
4 0.282813 0.668750 0.018750 0.058333
4 0.317188 0.690625 0.021875 0.027083
4 0.428906 0.648958 0.042188 0.043750
4 0.501563 0.691667 0.034375 0.087500
4 0.533594 0.711458 0.039062 0.110417
4 0.652344 0.610417 0.023438 0.037500
4 0.815625 0.595833 0.031250 0.041667
4 0.958594 0.636458 0.048438 0.085417
0 0.369531 0.687500 0.048438 0.054167
0 0.677344 0.640625 0.039062 0.052083
0 0.882031 0.681250 0.082812 0.137500
0 0.892188 0.626042 0.050000 0.064583
