4 0.460156 0.680208 0.026562 0.072917
4 0.437500 0.691667 0.018750 0.062500
4 0.421094 0.700000 0.048438 0.050000
4 0.583594 0.742708 0.035937 0.147917
4 0.763281 0.659375 0.023438 0.060417
0 0.502344 0.991667 0.107813 0.016667
0 0.732812 0.780208 0.131250 0.189583
0 0.812500 0.844792 0.106250 0.156250
0 0.756250 0.618750 0.021875 0.016667
4 0.932813 0.790625 0.081250 0.131250
4 0.307812 0.908333 0.075000 0.183333
4 0.577344 0.791667 0.042188 0.150000
4 0.620313 0.697917 0.043750 0.062500
0 0.113281 0.831250 0.070312 0.104167
0 0.428906 0.818750 0.164062 0.187500
