4 0.321875 0.656250 0.012500 0.045833
4 0.324219 0.671875 0.014063 0.056250
4 0.304688 0.673958 0.031250 0.035417
4 0.349219 0.727083 0.029687 0.095833
4 0.419531 0.668750 0.017188 0.062500
4 0.440625 0.696875 0.015625 0.047917
4 0.440625 0.665625 0.028125 0.039583
4 0.525781 0.626042 0.023438 0.022917
0 0.186719 0.725000 0.048438 0.066667
0 0.385156 0.701042 0.048438 0.081250
0 0.461719 0.750000 0.064062 0.079167
0 0.524219 0.685417 0.060937 0.083333
0 0.563281 0.698958 0.054688 0.081250
4 0.628906 0.686458 0.045312 0.064583
