4 0.217188 0.740625 0.025000 0.089583
4 0.359375 0.861458 0.068750 0.177083
4 0.470313 0.826042 0.087500 0.110417
4 0.618750 0.781250 0.046875 0.150000
4 0.975781 0.795833 0.048438 0.129167
4 0.401562 0.693750 0.018750 0.037500
4 0.276562 0.694792 0.031250 0.043750
4 0.241406 0.684375 0.017188 0.022917
4 0.321875 0.692708 0.025000 0.052083
0 0.207031 0.686458 0.042188 0.052083
0 0.248438 0.723958 0.037500 0.056250
0 0.368750 0.689583 0.031250 0.041667
0 0.380469 0.701042 0.020313 0.014583
0 0.443750 0.704167 0.071875 0.087500
4 0.497656 0.679167 0.020313 0.066667
0 0.540625 0.692708 0.037500 0.052083
