4 0.650781 0.687500 0.026562 0.079167
4 0.727344 0.765625 0.045312 0.135417
4 0.820312 0.743750 0.065625 0.091667
4 0.940625 0.711458 0.034375 0.118750
4 0.908594 0.629167 0.020313 0.066667
4 0.687500 0.633333 0.015625 0.025000
4 0.722656 0.641667 0.029687 0.041667
4 0.757031 0.636458 0.020313 0.039583
0 0.663281 0.638542 0.039062 0.027083
0 0.690625 0.670833 0.040625 0.045833
0 0.801562 0.643750 0.031250 0.037500
0 0.796094 0.664583 0.023438 0.045833
0 0.853125 0.647917 0.043750 0.075000
0 0.932031 0.637500 0.035937 0.045833
