0 0.641406 0.681250 0.042188 0.058333
0 0.693750 0.646875 0.034375 0.064583
0 0.725000 0.686458 0.040625 0.064583
0 0.782813 0.670833 0.090625 0.087500
0 0.915625 0.659375 0.040625 0.060417
4 0.271875 0.811458 0.050000 0.135417
4 0.440625 0.809375 0.078125 0.114583
4 0.594531 0.798958 0.051562 0.156250
4 0.531250 0.670833 0.028125 0.029167
4 0.671875 0.657292 0.021875 0.060417
4 0.645312 0.951042 0.159375 0.097917
4 0.723437 0.639583 0.025000 0.029167
4 0.759375 0.629167 0.028125 0.025000
4 0.829688 0.659375 0.021875 0.060417
4 0.914062 0.616667 0.025000 0.029167
