4 0.431250 0.669792 0.021875 0.068750
4 0.520312 0.664583 0.031250 0.050000
4 0.503906 0.610417 0.007812 0.012500
4 0.554688 0.616667 0.018750 0.012500
4 0.585938 0.600000 0.015625 0.008333
4 0.599219 0.646875 0.026562 0.064583
4 0.656250 0.606250 0.012500 0.020833
4 0.677344 0.626042 0.020313 0.039583
4 0.671875 0.672917 0.050000 0.054167
0 0.728906 0.645833 0.070312 0.087500
0 0.658594 0.635417 0.020313 0.029167
0 0.553906 0.666667 0.032813 0.054167
0 0.564063 0.647917 0.021875 0.037500
0 0.413281 0.666667 0.014063 0.033333
0 0.517969 0.630208 0.035937 0.018750
