4 0.453906 0.680208 0.020313 0.060417
4 0.503125 0.676042 0.034375 0.043750
4 0.571094 0.660417 0.014063 0.058333
4 0.566406 0.646875 0.014063 0.072917
4 0.703125 0.669792 0.040625 0.056250
4 0.396875 0.660417 0.012500 0.050000
4 0.432031 0.639583 0.020313 0.029167
4 0.457813 0.628125 0.012500 0.010417
4 0.410938 0.631250 0.012500 0.020833
0 0.379688 0.645833 0.021875 0.041667
0 0.414062 0.657292 0.015625 0.022917
0 0.489844 0.642708 0.010937 0.031250
0 0.488281 0.647917 0.010937 0.037500
0 0.525000 0.639583 0.028125 0.041667
0 0.590625 0.634375 0.018750 0.027083
