4 0.419531 0.706250 0.026562 0.079167
4 0.428125 0.658333 0.018750 0.020833
4 0.455469 0.667708 0.026562 0.039583
4 0.503125 0.660417 0.021875 0.037500
4 0.562500 0.773958 0.043750 0.122917
4 0.638281 0.753125 0.064062 0.097917
4 0.573438 0.665625 0.012500 0.022917
4 0.655469 0.653125 0.017188 0.064583
0 0.389844 0.678125 0.032813 0.056250
0 0.442188 0.689583 0.021875 0.058333
0 0.539844 0.659375 0.026562 0.027083
0 0.558594 0.662500 0.014063 0.016667
0 0.607031 0.656250 0.045312 0.054167
0 0.692187 0.662500 0.034375 0.054167
4 0.750000 0.720833 0.028125 0.108333
4 0.992969 0.737500 0.014063 0.083333
