0 0.406250 0.781250 0.071875 0.100000
0 0.515625 0.886458 0.115625 0.139583
0 0.623437 0.740625 0.115625 0.139583
0 0.701562 0.747917 0.050000 0.108333
0 0.877344 0.781250 0.020313 0.087500
0 0.946875 0.885417 0.106250 0.229167
4 0.536719 0.790625 0.085938 0.064583
4 0.747656 0.782292 0.051562 0.160417
4 0.692187 0.640625 0.025000 0.027083
4 0.742188 0.646875 0.021875 0.052083
4 0.879687 0.617708 0.018750 0.047917
4 0.332031 0.808333 0.054688 0.141667
4 0.947656 0.688542 0.029687 0.110417
4 0.911719 0.768750 0.042188 0.100000
