4 0.962500 0.767708 0.075000 0.114583
4 0.689063 0.736458 0.043750 0.118750
4 0.670312 0.652083 0.021875 0.070833
4 0.560937 0.769792 0.068750 0.097917
4 0.436719 0.658333 0.023438 0.029167
4 0.392969 0.703125 0.029687 0.072917
4 0.472656 0.658333 0.039062 0.037500
4 0.506250 0.657292 0.021875 0.035417
0 0.403906 0.660417 0.039062 0.037500
0 0.434375 0.689583 0.034375 0.054167
0 0.539062 0.690625 0.021875 0.056250
0 0.555469 0.657292 0.026562 0.031250
0 0.605469 0.669792 0.051562 0.068750
0 0.700000 0.660417 0.034375 0.045833
4 0.453906 0.789583 0.045312 0.129167
