4 0.163281 0.629167 0.035937 0.025000
4 0.185156 0.598958 0.020313 0.043750
4 0.269531 0.591667 0.017188 0.045833
4 0.288281 0.587500 0.020313 0.029167
4 0.292969 0.607292 0.017188 0.047917
4 0.403125 0.576042 0.025000 0.027083
4 0.498437 0.560417 0.018750 0.020833
4 0.646875 0.577083 0.018750 0.045833
4 0.706250 0.577083 0.015625 0.050000
4 0.753125 0.551042 0.018750 0.014583
0 0.349219 0.647917 0.079687 0.095833
0 0.458594 0.597917 0.029687 0.041667
0 0.546875 0.572917 0.025000 0.033333
0 0.674219 0.565625 0.026562 0.031250
0 0.804688 0.560417 0.037500 0.045833
0 0.840625 0.628125 0.043750 0.060417
