0 0.167187 0.696875 0.056250 0.077083
0 0.200000 0.726042 0.040625 0.064583
0 0.347656 0.691667 0.045312 0.062500
0 0.346875 0.726042 0.050000 0.056250
0 0.429688 0.710417 0.078125 0.108333
0 0.541406 0.691667 0.048438 0.066667
4 0.150781 0.754167 0.035937 0.104167
4 0.200000 0.680208 0.025000 0.027083
4 0.288281 0.690625 0.032813 0.052083
4 0.245312 0.927083 0.084375 0.145833
4 0.430469 0.909375 0.120313 0.164583
4 0.639844 0.836458 0.064062 0.193750
4 0.496094 0.673958 0.023438 0.068750
4 0.248438 0.688542 0.031250 0.043750
