4 0.173437 0.684375 0.037500 0.014583
4 0.268750 0.653125 0.018750 0.047917
4 0.318750 0.639583 0.009375 0.025000
4 0.312500 0.708333 0.031250 0.075000
4 0.342969 0.688542 0.026562 0.077083
4 0.457813 0.631250 0.025000 0.037500
4 0.655469 0.607292 0.020313 0.035417
4 0.714844 0.679167 0.051562 0.075000
4 0.799219 0.591667 0.032813 0.037500
0 0.010937 0.696875 0.018750 0.052083
0 0.310937 0.662500 0.025000 0.012500
0 0.516406 0.716667 0.120313 0.129167
0 0.586719 0.644792 0.039062 0.047917
0 0.735938 0.633333 0.040625 0.041667
