0 0.399219 0.761458 0.123438 0.118750
0 0.473438 0.928125 0.128125 0.143750
0 0.507031 0.784375 0.076563 0.106250
0 0.765625 0.783333 0.084375 0.125000
4 0.335156 0.693750 0.014063 0.062500
4 0.140625 0.869792 0.068750 0.177083
4 0.396094 0.871875 0.107813 0.139583
4 0.553906 0.643750 0.023438 0.020833
4 0.837500 0.808333 0.053125 0.179167
0 0.982031 0.859375 0.035937 0.239583
0 0.182812 0.832292 0.053125 0.102083
4 0.408594 0.686458 0.023438 0.060417
4 0.495312 0.690625 0.040625 0.056250
4 0.608594 0.803125 0.057813 0.160417
4 0.714844 0.714583 0.035937 0.104167
