4 0.567969 0.686458 0.032813 0.060417
4 0.604688 0.672917 0.028125 0.058333
4 0.705469 0.637500 0.010937 0.033333
4 0.718750 0.636458 0.028125 0.022917
4 0.740625 0.664583 0.028125 0.075000
4 0.767188 0.608333 0.018750 0.025000
4 0.819531 0.644792 0.014063 0.027083
4 0.932813 0.622917 0.021875 0.075000
0 0.314844 0.772917 0.064062 0.091667
0 0.396875 0.706250 0.034375 0.058333
0 0.514844 0.701042 0.082812 0.110417
0 0.603125 0.741667 0.062500 0.087500
0 0.653906 0.697917 0.051562 0.108333
4 0.711719 0.735417 0.060937 0.087500
4 0.373437 0.731250 0.037500 0.095833
