4 0.146875 0.792708 0.043750 0.122917
4 0.289062 0.793750 0.071875 0.095833
4 0.424219 0.785417 0.051562 0.133333
4 0.462500 0.920833 0.118750 0.158333
4 0.365625 0.676042 0.034375 0.027083
4 0.496875 0.664583 0.018750 0.050000
4 0.543750 0.656250 0.021875 0.037500
4 0.583594 0.642708 0.026562 0.014583
4 0.645312 0.671875 0.018750 0.060417
4 0.730469 0.630208 0.023438 0.031250
0 0.468750 0.683333 0.037500 0.050000
0 0.514062 0.661458 0.034375 0.068750
0 0.545312 0.689583 0.031250 0.050000
0 0.603906 0.677083 0.082812 0.066667
0 0.731250 0.671875 0.043750 0.056250
