4 0.653906 0.644792 0.026562 0.052083
4 0.698438 0.656250 0.028125 0.050000
4 0.733594 0.773958 0.054688 0.160417
4 0.819531 0.737500 0.070312 0.108333
4 0.803125 0.698958 0.040625 0.110417
4 0.842969 0.650000 0.045312 0.062500
4 0.773438 0.637500 0.028125 0.079167
0 0.024219 0.821875 0.045312 0.106250
0 0.703906 0.617708 0.064062 0.022917
0 0.838281 0.602083 0.064062 0.037500
4 0.407813 0.727083 0.028125 0.095833
4 0.572656 0.737500 0.060937 0.083333
4 0.883594 0.614583 0.014063 0.066667
0 0.989062 0.619792 0.021875 0.056250
