0 0.607031 0.662500 0.035937 0.045833
0 0.522656 0.659375 0.057813 0.043750
0 0.453125 0.657292 0.025000 0.022917
0 0.471875 0.661458 0.021875 0.018750
0 0.353906 0.689583 0.029687 0.050000
0 0.305469 0.675000 0.029687 0.066667
4 0.334375 0.706250 0.028125 0.079167
4 0.344531 0.659375 0.014063 0.022917
4 0.374219 0.667708 0.026562 0.035417
4 0.418750 0.661458 0.021875 0.035417
4 0.471094 0.771875 0.045312 0.127083
4 0.548438 0.754167 0.065625 0.087500
4 0.571875 0.653125 0.018750 0.056250
4 0.938281 0.735417 0.067187 0.104167
4 0.661719 0.722917 0.029687 0.104167
