0 0.198437 0.704167 0.065625 0.075000
0 0.274219 0.723958 0.023438 0.039583
0 0.371875 0.695833 0.040625 0.058333
0 0.414844 0.701042 0.048438 0.027083
0 0.480469 0.681250 0.076563 0.045833
0 0.568750 0.692708 0.046875 0.064583
4 0.238281 0.691667 0.017188 0.045833
4 0.260937 0.685417 0.031250 0.033333
4 0.257812 0.755208 0.037500 0.102083
4 0.337500 0.708333 0.028125 0.087500
4 0.424219 0.689583 0.035937 0.037500
4 0.513281 0.664583 0.026562 0.050000
4 0.614844 0.879167 0.076563 0.204167
4 0.669531 0.827083 0.085938 0.129167
4 0.787500 0.765625 0.043750 0.152083
