0 0.425000 0.826042 0.090625 0.118750
0 0.408594 0.660417 0.023438 0.037500
0 0.439063 0.639583 0.046875 0.025000
0 0.468750 0.635417 0.025000 0.020833
0 0.549219 0.619792 0.048438 0.022917
0 0.672656 0.635417 0.035937 0.050000
4 0.367969 0.668750 0.042188 0.045833
4 0.426563 0.682292 0.025000 0.039583
4 0.500000 0.632292 0.021875 0.022917
4 0.556250 0.659375 0.018750 0.043750
4 0.583594 0.648958 0.026562 0.035417
4 0.583594 0.700000 0.032813 0.058333
4 0.713281 0.633333 0.029687 0.033333
4 0.770312 0.668750 0.046875 0.070833
4 0.814063 0.673958 0.031250 0.097917
