0 0.402344 0.644792 0.029687 0.031250
0 0.430469 0.670833 0.032813 0.037500
0 0.530469 0.652083 0.026562 0.029167
0 0.521094 0.671875 0.023438 0.043750
0 0.570312 0.657292 0.050000 0.060417
0 0.656250 0.645833 0.031250 0.029167
4 0.400000 0.686458 0.021875 0.068750
4 0.458594 0.646875 0.026562 0.031250
4 0.427344 0.640625 0.017188 0.022917
4 0.489063 0.641667 0.015625 0.020833
4 0.540625 0.721875 0.050000 0.072917
4 0.630469 0.650000 0.017188 0.066667
4 0.635938 0.701042 0.031250 0.097917
4 0.458594 0.728125 0.032813 0.093750
4 0.842187 0.719792 0.053125 0.085417
