4 0.271094 0.689583 0.023438 0.070833
4 0.290625 0.668750 0.018750 0.016667
4 0.301563 0.725000 0.028125 0.091667
4 0.363281 0.687500 0.023438 0.070833
4 0.439844 0.668750 0.039062 0.029167
4 0.521875 0.656250 0.021875 0.050000
4 0.610156 0.794792 0.054688 0.164583
4 0.653125 0.764583 0.071875 0.120833
4 0.751563 0.721875 0.040625 0.127083
0 0.230469 0.685417 0.057813 0.070833
0 0.281250 0.705208 0.018750 0.052083
0 0.390625 0.680208 0.037500 0.060417
0 0.420312 0.694792 0.021875 0.060417
0 0.485938 0.658333 0.062500 0.041667
0 0.569531 0.669792 0.045312 0.056250
