0 0.110156 0.741667 0.045312 0.062500
0 0.197656 0.805208 0.070312 0.093750
0 0.273438 0.730208 0.103125 0.110417
0 0.435937 0.754167 0.059375 0.087500
0 0.457813 0.717708 0.084375 0.093750
4 0.172656 0.740625 0.039062 0.060417
4 0.357812 0.681250 0.031250 0.045833
4 0.356250 0.688542 0.021875 0.064583
4 0.362500 0.726042 0.028125 0.093750
4 0.389062 0.656250 0.018750 0.025000
4 0.425000 0.663542 0.018750 0.031250
4 0.484375 0.660417 0.025000 0.020833
4 0.539844 0.740625 0.064062 0.085417
4 0.595313 0.660417 0.025000 0.062500
0 0.650000 0.641667 0.025000 0.041667
