4 0.678906 0.788542 0.045312 0.168750
4 0.584375 0.713542 0.037500 0.102083
4 0.105469 0.836458 0.054688 0.152083
4 0.307031 0.833333 0.082812 0.108333
4 0.244531 0.696875 0.014063 0.039583
4 0.312500 0.688542 0.025000 0.047917
4 0.393750 0.693750 0.037500 0.054167
4 0.442969 0.658333 0.026562 0.025000
0 0.138281 0.809375 0.032813 0.085417
0 0.309375 0.743750 0.100000 0.079167
0 0.379688 0.882292 0.103125 0.147917
0 0.400781 0.772917 0.070312 0.083333
0 0.621875 0.775000 0.071875 0.104167
0 0.846094 0.818750 0.139063 0.204167
4 0.485938 0.786458 0.046875 0.127083
4 0.770312 0.939583 0.137500 0.120833
