0 0.702344 0.736458 0.098437 0.139583
0 0.586719 0.714583 0.035937 0.062500
0 0.257031 0.738542 0.026562 0.068750
0 0.415625 0.761458 0.065625 0.093750
0 0.448437 0.717708 0.043750 0.056250
0 0.384375 0.694792 0.071875 0.039583
4 0.335938 0.672917 0.009375 0.025000
4 0.364844 0.750000 0.039062 0.062500
4 0.234375 0.751042 0.037500 0.093750
4 0.389062 0.657292 0.018750 0.022917
4 0.452344 0.664583 0.026562 0.045833
4 0.498437 0.720833 0.037500 0.091667
4 0.607812 0.798958 0.087500 0.114583
4 0.624219 0.709375 0.042188 0.085417
4 0.590625 0.661458 0.025000 0.031250
4 0.498437 0.632292 0.018750 0.018750
