0 0.387500 0.659375 0.046875 0.039583
0 0.429688 0.694792 0.040625 0.052083
0 0.550000 0.662500 0.031250 0.045833
0 0.564844 0.668750 0.026562 0.020833
0 0.624219 0.656250 0.060937 0.054167
0 0.723437 0.659375 0.037500 0.060417
4 0.400781 0.712500 0.026562 0.087500
4 0.420312 0.653125 0.021875 0.027083
4 0.453906 0.661458 0.029687 0.043750
4 0.506250 0.658333 0.028125 0.045833
4 0.587500 0.660417 0.021875 0.037500
4 0.683594 0.648958 0.026562 0.077083
4 0.669531 0.789583 0.082812 0.108333
4 0.565625 0.830208 0.056250 0.168750
4 0.811719 0.745833 0.039062 0.133333
