0 0.086719 0.693750 0.042188 0.054167
0 0.196875 0.898958 0.184375 0.197917
0 0.378125 0.701042 0.046875 0.060417
0 0.716406 0.683333 0.057813 0.083333
0 0.850781 0.752083 0.082812 0.116667
4 0.192969 0.753125 0.042188 0.077083
4 0.292187 0.742708 0.040625 0.110417
4 0.305469 0.682292 0.035937 0.018750
4 0.426563 0.686458 0.046875 0.018750
4 0.442188 0.641667 0.025000 0.058333
4 0.478906 0.646875 0.020313 0.064583
4 0.659375 0.628125 0.037500 0.052083
4 0.667969 0.887500 0.129688 0.166667
4 0.897656 0.589583 0.045312 0.025000
