4 0.335938 0.775000 0.050000 0.091667
4 0.480469 0.671875 0.032813 0.047917
4 0.528906 0.637500 0.020313 0.008333
4 0.589844 0.694792 0.045312 0.056250
4 0.550000 0.723958 0.034375 0.118750
4 0.577344 0.784375 0.076563 0.097917
4 0.781250 0.681250 0.037500 0.070833
0 0.366406 0.691667 0.035937 0.058333
0 0.393750 0.678125 0.062500 0.047917
0 0.446094 0.671875 0.035937 0.052083
0 0.545312 0.654167 0.071875 0.033333
0 0.704688 0.664583 0.040625 0.054167
4 0.942187 0.740625 0.040625 0.143750
4 0.863281 0.729167 0.064062 0.091667
4 0.306250 0.707292 0.040625 0.056250
