0 0.088281 0.690625 0.032813 0.064583
0 0.107813 0.707292 0.034375 0.043750
0 0.203125 0.709375 0.021875 0.056250
0 0.225781 0.682292 0.029687 0.039583
0 0.271875 0.693750 0.043750 0.070833
0 0.359375 0.688542 0.037500 0.043750
4 0.067969 0.712500 0.032813 0.066667
4 0.106250 0.810417 0.043750 0.141667
4 0.150781 0.676042 0.026562 0.035417
4 0.175781 0.677083 0.023438 0.029167
4 0.206250 0.792708 0.065625 0.093750
4 0.111719 0.673958 0.017188 0.022917
4 0.333594 0.675000 0.023438 0.062500
4 0.332813 0.762500 0.040625 0.120833
4 0.616406 0.802083 0.082812 0.116667
