0 0.170313 0.703125 0.028125 0.052083
0 0.273438 0.662500 0.050000 0.054167
0 0.612500 0.628125 0.037500 0.043750
0 0.829688 0.592708 0.028125 0.039583
0 0.848437 0.633333 0.081250 0.087500
0 0.955469 0.577083 0.023438 0.020833
4 0.182031 0.665625 0.017188 0.027083
4 0.326562 0.698958 0.037500 0.085417
4 0.418750 0.631250 0.018750 0.050000
4 0.571094 0.606250 0.017188 0.045833
4 0.657031 0.639583 0.020313 0.066667
4 0.663281 0.626042 0.026562 0.060417
4 0.686719 0.598958 0.026562 0.039583
4 0.858594 0.571875 0.023438 0.031250
4 0.974219 0.555208 0.023438 0.035417
4 0.962500 0.606250 0.034375 0.054167
