0 0.350781 0.643750 0.085938 0.087500
0 0.460156 0.598958 0.029687 0.043750
0 0.547656 0.573958 0.029687 0.027083
0 0.677344 0.567708 0.023438 0.031250
0 0.803906 0.561458 0.039062 0.047917
0 0.841406 0.622917 0.045312 0.058333
4 0.185156 0.604167 0.014063 0.050000
4 0.165625 0.632292 0.037500 0.014583
4 0.271094 0.593750 0.014063 0.037500
4 0.289062 0.587500 0.018750 0.033333
4 0.292187 0.603125 0.018750 0.056250
4 0.406250 0.575000 0.025000 0.029167
4 0.496094 0.562500 0.020313 0.020833
4 0.646875 0.577083 0.018750 0.045833
4 0.706250 0.577083 0.018750 0.045833
4 0.753125 0.553125 0.018750 0.010417
