4 0.053906 0.731250 0.026562 0.083333
4 0.146094 0.665625 0.014063 0.047917
4 0.289844 0.644792 0.017188 0.047917
4 0.364844 0.679167 0.020313 0.066667
4 0.374219 0.667708 0.023438 0.064583
4 0.405469 0.636458 0.026562 0.035417
4 0.585156 0.612500 0.026562 0.029167
4 0.689063 0.647917 0.037500 0.041667
4 0.711719 0.601042 0.026562 0.031250
0 0.017188 0.690625 0.031250 0.047917
0 0.328125 0.667708 0.031250 0.047917
0 0.548438 0.637500 0.031250 0.045833
0 0.557031 0.678125 0.092188 0.085417
0 0.685156 0.618750 0.029687 0.020833
