0 0.328125 0.762500 0.125000 0.125000
0 0.496094 0.647917 0.039062 0.058333
0 0.605469 0.603125 0.032813 0.039583
0 0.750000 0.575000 0.034375 0.033333
0 0.898438 0.550000 0.050000 0.050000
0 0.983594 0.630208 0.032813 0.085417
4 0.130469 0.731250 0.054688 0.025000
4 0.160938 0.692708 0.025000 0.060417
4 0.264062 0.670833 0.021875 0.058333
4 0.283594 0.675000 0.020313 0.050000
4 0.295312 0.656250 0.031250 0.037500
4 0.439063 0.620833 0.028125 0.029167
4 0.543750 0.596875 0.021875 0.022917
4 0.721875 0.595833 0.025000 0.058333
4 0.795312 0.588542 0.025000 0.064583
4 0.840625 0.562500 0.021875 0.033333
