4 0.089063 0.283333 0.015625 0.054167
4 0.322656 0.307292 0.045312 0.064583
4 0.385156 0.269792 0.042188 0.060417
0 0.294531 0.260417 0.035937 0.050000
2 0.050781 0.619792 0.076563 0.122917
2 0.608594 0.165625 0.039062 0.052083
2 0.639844 0.193750 0.051562 0.062500
5 0.460156 0.161458 0.023438 0.027083
5 0.490625 0.155208 0.012500 0.035417
5 0.529687 0.154167 0.012500 0.016667
1 0.396094 0.166667 0.039062 0.037500
1 0.548438 0.151042 0.021875 0.035417
1 0.564063 0.153125 0.021875 0.027083
1 0.646094 0.137500 0.032813 0.037500
7 0.503125 0.171875 0.406250 0.089583
