4 0.139063 0.785417 0.112500 0.233333
4 0.587500 0.396875 0.050000 0.147917
4 0.664844 0.310417 0.035937 0.112500
4 0.987500 0.311458 0.025000 0.077083
0 0.462500 0.278125 0.050000 0.068750
0 0.771094 0.463542 0.157812 0.218750
2 0.642188 0.150000 0.053125 0.050000
5 0.194531 0.314583 0.039062 0.058333
5 0.301563 0.230208 0.031250 0.043750
1 0.377344 0.242708 0.035937 0.039583
1 0.115625 0.348958 0.062500 0.093750
3 0.047656 0.378125 0.042188 0.064583
3 0.203125 0.265625 0.068750 0.060417
7 0.257031 0.342708 0.510938 0.268750
