4 0.568750 0.607292 0.118750 0.152083
4 0.379688 0.838542 0.153125 0.185417
0 0.254688 0.505208 0.081250 0.114583
2 0.747656 0.239583 0.067187 0.087500
2 0.905469 0.328125 0.101562 0.110417
5 0.453906 0.221875 0.042188 0.047917
5 0.510938 0.212500 0.021875 0.054167
5 0.548438 0.202083 0.018750 0.033333
5 0.709375 0.175000 0.015625 0.037500
1 0.351562 0.239583 0.068750 0.075000
1 0.589063 0.202083 0.040625 0.050000
1 0.639844 0.213542 0.039062 0.043750
1 0.741406 0.184375 0.051562 0.068750
7 0.528125 0.238542 0.650000 0.172917
