4 0.235156 0.435417 0.048438 0.129167
4 0.457813 0.362500 0.046875 0.116667
4 0.866406 0.446875 0.079687 0.110417
0 0.454688 0.270833 0.050000 0.062500
0 0.473438 0.801042 0.146875 0.197917
0 0.187500 0.548958 0.153125 0.210417
2 0.883594 0.166667 0.051562 0.054167
5 0.297656 0.256250 0.039062 0.045833
5 0.500781 0.187500 0.032813 0.041667
1 0.487500 0.217708 0.037500 0.035417
1 0.200781 0.278125 0.064062 0.072917
3 0.157031 0.288542 0.023438 0.043750
3 0.377344 0.207292 0.067187 0.052083
7 0.370312 0.279167 0.587500 0.225000
