4 0.150781 0.260417 0.014063 0.016667
4 0.258594 0.246875 0.023438 0.060417
4 0.424219 0.241667 0.039062 0.050000
4 0.612500 0.260417 0.046875 0.066667
0 0.396094 0.334375 0.057813 0.072917
0 0.134375 0.309375 0.059375 0.068750
0 0.273438 0.223958 0.021875 0.035417
2 0.590625 0.133333 0.034375 0.037500
5 0.182812 0.223958 0.025000 0.027083
5 0.317188 0.176042 0.021875 0.027083
1 0.127344 0.236458 0.039062 0.035417
1 0.296875 0.190625 0.018750 0.018750
3 0.098437 0.250000 0.021875 0.029167
3 0.235156 0.196875 0.042188 0.035417
7 0.226562 0.234375 0.375000 0.139583
