4 0.716406 0.241667 0.023438 0.083333
4 0.779687 0.197917 0.034375 0.050000
4 0.844531 0.269792 0.026562 0.089583
4 0.865625 0.195833 0.031250 0.045833
0 0.454688 0.292708 0.050000 0.064583
0 0.949219 0.257292 0.073438 0.097917
0 0.989062 0.227083 0.021875 0.054167
2 0.319531 0.277083 0.073438 0.070833
2 0.978125 0.160417 0.025000 0.033333
5 0.177344 0.420833 0.048438 0.079167
5 0.012500 0.373958 0.021875 0.027083
1 0.230469 0.335417 0.051562 0.070833
1 0.241406 0.453125 0.120313 0.164583
3 0.018750 0.435417 0.034375 0.095833
3 0.138281 0.538542 0.076563 0.114583
7 0.276562 0.536458 0.550000 0.485417
