4 0.714844 0.234375 0.023438 0.081250
4 0.760156 0.277083 0.032813 0.095833
4 0.874219 0.451042 0.039062 0.164583
4 0.878906 0.212500 0.035937 0.050000
4 0.972656 0.223958 0.032813 0.052083
0 0.480469 0.247917 0.042188 0.058333
0 0.906250 0.290625 0.075000 0.114583
2 0.442969 0.214583 0.070312 0.058333
5 0.195312 0.261458 0.028125 0.039583
5 0.217969 0.309375 0.026562 0.043750
1 0.182812 0.342708 0.087500 0.102083
1 0.334375 0.252083 0.037500 0.050000
3 0.096094 0.380208 0.042188 0.060417
3 0.143750 0.295833 0.062500 0.062500
7 0.202344 0.353125 0.401562 0.277083
