4 0.178906 0.844792 0.117188 0.239583
4 0.614062 0.406250 0.043750 0.154167
4 0.682813 0.317708 0.037500 0.118750
4 0.979688 0.305208 0.040625 0.081250
0 0.460156 0.284375 0.051562 0.068750
0 0.810937 0.476042 0.156250 0.231250
2 0.508594 0.225000 0.079687 0.062500
5 0.182812 0.323958 0.040625 0.056250
5 0.284375 0.239583 0.028125 0.045833
1 0.367969 0.254167 0.039062 0.050000
1 0.107031 0.364583 0.067187 0.108333
3 0.032031 0.391667 0.039062 0.066667
3 0.187500 0.273958 0.071875 0.056250
7 0.238281 0.348958 0.470313 0.285417
