4 0.102344 0.305208 0.032813 0.047917
4 0.294531 0.238542 0.020313 0.068750
4 0.324219 0.210417 0.020313 0.054167
4 0.390625 0.175000 0.018750 0.045833
0 0.129688 0.262500 0.025000 0.037500
0 0.258594 0.218750 0.048438 0.054167
0 0.459375 0.235417 0.040625 0.050000
2 0.406250 0.620833 0.228125 0.200000
5 0.700000 0.198958 0.037500 0.043750
5 0.884375 0.268750 0.050000 0.062500
1 0.625000 0.246875 0.046875 0.060417
1 0.681250 0.180208 0.056250 0.072917
3 0.736719 0.173958 0.032813 0.039583
3 0.842187 0.214583 0.053125 0.070833
7 0.775000 0.263542 0.450000 0.206250
