4 0.010156 0.321875 0.017188 0.056250
4 0.205469 0.268750 0.026562 0.070833
4 0.330469 0.237500 0.023438 0.066667
4 0.414844 0.286458 0.051562 0.068750
4 0.471094 0.395833 0.076563 0.095833
0 0.140625 0.305208 0.071875 0.077083
0 0.114062 0.377083 0.046875 0.066667
0 0.426563 0.195833 0.031250 0.041667
2 0.877344 0.145833 0.035937 0.045833
2 0.350000 0.787500 0.143750 0.183333
5 0.386719 0.170833 0.026562 0.029167
5 0.576562 0.135417 0.025000 0.033333
1 0.315625 0.178125 0.046875 0.043750
1 0.507031 0.154167 0.026562 0.029167
3 0.473438 0.144792 0.043750 0.039583
7 0.436719 0.181250 0.442188 0.112500
