4 0.128906 0.288542 0.023438 0.060417
4 0.365625 0.198958 0.015625 0.014583
4 0.478906 0.194792 0.020313 0.056250
4 0.646875 0.212500 0.037500 0.050000
4 0.829688 0.255208 0.043750 0.060417
0 0.493750 0.172917 0.025000 0.041667
0 0.616406 0.300000 0.054688 0.075000
0 0.346875 0.246875 0.065625 0.077083
2 0.806250 0.127083 0.034375 0.041667
5 0.398438 0.167708 0.025000 0.022917
5 0.539062 0.136458 0.021875 0.031250
1 0.335156 0.171875 0.039062 0.031250
1 0.517188 0.147917 0.015625 0.016667
3 0.309375 0.183333 0.021875 0.025000
3 0.453906 0.145833 0.042188 0.037500
7 0.442188 0.176042 0.396875 0.106250
