4 0.289062 0.347917 0.037500 0.100000
4 0.468750 0.295833 0.037500 0.095833
4 0.767969 0.362500 0.067187 0.095833
0 0.490625 0.240625 0.040625 0.064583
0 0.239844 0.418750 0.117188 0.150000
0 0.810937 0.766667 0.137500 0.187500
2 0.899219 0.161458 0.042188 0.047917
5 0.363281 0.219792 0.032813 0.035417
5 0.552344 0.166667 0.023438 0.033333
1 0.528906 0.188542 0.035937 0.022917
1 0.278125 0.236458 0.050000 0.052083
3 0.239063 0.243750 0.018750 0.037500
3 0.439844 0.182292 0.054688 0.047917
7 0.428125 0.244792 0.528125 0.181250
