4 0.081250 0.617708 0.084375 0.122917
4 0.375781 0.381250 0.067187 0.087500
4 0.196094 0.265625 0.020313 0.060417
4 0.351562 0.261458 0.025000 0.072917
4 0.466406 0.256250 0.032813 0.087500
0 0.093750 0.398958 0.046875 0.068750
0 0.240625 0.303125 0.065625 0.097917
0 0.670312 0.212500 0.040625 0.054167
5 0.699219 0.166667 0.032813 0.033333
5 0.935156 0.175000 0.026562 0.041667
1 0.621094 0.160417 0.051562 0.054167
1 0.812500 0.183333 0.034375 0.033333
3 0.821094 0.153125 0.048438 0.043750
7 0.747656 0.191667 0.504687 0.112500
