4 0.821875 0.746875 0.134375 0.193750
4 0.930469 0.980208 0.139063 0.039583
0 0.286719 0.661458 0.114062 0.156250
2 0.692969 0.258333 0.079687 0.091667
2 0.929688 0.346875 0.115625 0.114583
5 0.337500 0.270833 0.043750 0.058333
5 0.409375 0.253125 0.025000 0.068750
5 0.418750 0.234375 0.037500 0.035417
5 0.598437 0.193750 0.021875 0.054167
1 0.225781 0.295833 0.073438 0.083333
1 0.479687 0.230208 0.040625 0.052083
1 0.554688 0.245833 0.046875 0.050000
1 0.640625 0.206250 0.062500 0.087500
3 0.180469 0.298958 0.017188 0.052083
7 0.425000 0.295833 0.715625 0.258333
