4 0.665625 0.282292 0.031250 0.102083
0 0.957031 0.219792 0.032813 0.047917
2 0.803906 0.145833 0.051562 0.041667
2 0.953906 0.161458 0.045312 0.043750
5 0.595313 0.165625 0.025000 0.035417
5 0.578125 0.164583 0.018750 0.020833
5 0.651563 0.136458 0.025000 0.035417
5 0.646875 0.158333 0.015625 0.029167
1 0.545312 0.176042 0.046875 0.056250
1 0.628906 0.151042 0.020313 0.039583
1 0.696094 0.135417 0.039062 0.041667
1 0.716406 0.147917 0.020313 0.029167
3 0.489844 0.183333 0.029687 0.037500
7 0.570312 0.176042 0.418750 0.097917
