4 0.825781 0.331250 0.060937 0.087500
4 0.915625 0.390625 0.068750 0.106250
0 0.538281 0.339583 0.064062 0.087500
2 0.635938 0.183333 0.062500 0.058333
2 0.818750 0.209375 0.075000 0.068750
5 0.354687 0.211458 0.031250 0.039583
5 0.399219 0.196875 0.026562 0.022917
5 0.417187 0.193750 0.018750 0.041667
5 0.528906 0.153125 0.026562 0.031250
1 0.450781 0.184375 0.029687 0.039583
1 0.269531 0.229167 0.054688 0.062500
1 0.525000 0.184375 0.034375 0.031250
1 0.567969 0.160417 0.054688 0.054167
3 0.227344 0.241667 0.029687 0.041667
7 0.411719 0.232292 0.542188 0.177083
