4 0.326562 0.235417 0.021875 0.062500
4 0.860156 0.215625 0.035937 0.052083
4 0.885156 0.239583 0.042188 0.062500
0 0.695312 0.204167 0.037500 0.045833
2 0.806250 0.144792 0.040625 0.043750
2 0.913281 0.169792 0.051562 0.047917
5 0.612500 0.136458 0.021875 0.022917
5 0.646875 0.132292 0.018750 0.014583
5 0.657813 0.128125 0.015625 0.031250
5 0.749219 0.121875 0.014063 0.027083
1 0.549219 0.140625 0.042188 0.043750
1 0.685156 0.130208 0.020313 0.027083
1 0.730469 0.133333 0.020313 0.016667
1 0.774219 0.123958 0.032813 0.039583
3 0.519531 0.143750 0.020313 0.025000
7 0.653906 0.142708 0.401562 0.068750
