4 0.587500 0.316667 0.059375 0.075000
4 0.814063 0.370833 0.068750 0.091667
4 0.922656 0.940625 0.154688 0.110417
0 0.275781 0.409375 0.098437 0.152083
0 0.583594 0.258333 0.048438 0.050000
2 0.641406 0.250000 0.073438 0.083333
5 0.155469 0.327083 0.045312 0.029167
5 0.233594 0.317708 0.023438 0.064583
5 0.299219 0.253125 0.035937 0.052083
1 0.247656 0.296875 0.026562 0.052083
1 0.396094 0.239583 0.073438 0.079167
3 0.004687 0.433333 0.006250 0.045833
3 0.067969 0.345833 0.070312 0.070833
7 0.269531 0.372917 0.535937 0.350000
