4 0.081250 0.579167 0.078125 0.112500
4 0.656250 0.498958 0.100000 0.135417
0 0.288281 0.480208 0.079687 0.106250
2 0.600781 0.223958 0.067187 0.077083
2 0.792969 0.277083 0.095312 0.087500
5 0.303125 0.245833 0.037500 0.050000
5 0.367969 0.227083 0.039062 0.020833
5 0.363281 0.230208 0.020313 0.052083
5 0.526563 0.181250 0.021875 0.041667
1 0.204687 0.270833 0.068750 0.070833
1 0.423438 0.216667 0.034375 0.050000
1 0.485938 0.218750 0.037500 0.037500
1 0.562500 0.185417 0.050000 0.062500
3 0.166406 0.281250 0.014063 0.050000
7 0.382812 0.259375 0.600000 0.218750
