4 0.136719 0.554167 0.079687 0.116667
4 0.706250 0.485417 0.093750 0.129167
0 0.346094 0.461458 0.082812 0.110417
2 0.650781 0.221875 0.067187 0.077083
2 0.837500 0.277083 0.090625 0.091667
5 0.353125 0.238542 0.037500 0.043750
5 0.418750 0.214583 0.040625 0.025000
5 0.415625 0.219792 0.018750 0.056250
5 0.577344 0.178125 0.017188 0.043750
1 0.255469 0.254167 0.064062 0.066667
1 0.472656 0.205208 0.035937 0.052083
1 0.537500 0.212500 0.037500 0.037500
1 0.610938 0.183333 0.053125 0.070833
3 0.217188 0.266667 0.015625 0.045833
7 0.429688 0.248958 0.596875 0.206250
