4 0.267969 0.313542 0.048438 0.068750
4 0.732812 0.358333 0.040625 0.129167
4 0.809375 0.385417 0.065625 0.104167
4 0.860938 0.407292 0.071875 0.093750
0 0.873437 0.339583 0.090625 0.137500
0 0.972656 0.358333 0.054688 0.075000
0 0.866406 0.490625 0.092188 0.093750
2 0.955469 0.455208 0.089063 0.168750
5 0.020313 0.331250 0.025000 0.020833
5 0.051562 0.320833 0.015625 0.050000
5 0.147656 0.261458 0.026562 0.039583
1 0.076563 0.308333 0.031250 0.045833
1 0.210938 0.251042 0.056250 0.064583
7 0.161719 0.322917 0.320312 0.200000
