4 0.364844 0.419792 0.076563 0.097917
4 0.824219 0.360417 0.064062 0.091667
0 0.527344 0.354167 0.067187 0.091667
2 0.700781 0.191667 0.060937 0.062500
2 0.871094 0.233333 0.073438 0.079167
5 0.424219 0.204167 0.032813 0.041667
5 0.474219 0.190625 0.023438 0.018750
5 0.482812 0.189583 0.015625 0.041667
5 0.613281 0.156250 0.017188 0.041667
1 0.335938 0.215625 0.056250 0.052083
1 0.527344 0.182292 0.032813 0.043750
1 0.592969 0.184375 0.032813 0.031250
1 0.646094 0.161458 0.054688 0.060417
3 0.296094 0.227083 0.023438 0.050000
7 0.485156 0.223958 0.539062 0.156250
