4 0.035156 0.692708 0.067187 0.135417
4 0.499219 0.594792 0.110937 0.156250
4 0.558594 0.388542 0.073438 0.102083
0 0.233594 0.383333 0.114062 0.137500
0 0.726562 0.314583 0.059375 0.087500
2 0.792188 0.315625 0.078125 0.110417
5 0.414844 0.259375 0.026562 0.077083
5 0.445312 0.235417 0.025000 0.037500
5 0.639844 0.197917 0.035937 0.050000
1 0.499219 0.235417 0.045312 0.054167
1 0.694531 0.216667 0.067187 0.079167
3 0.205469 0.296875 0.042188 0.056250
3 0.357031 0.232292 0.057813 0.068750
7 0.442969 0.297917 0.751563 0.250000
