4 0.742188 0.716667 0.131250 0.179167
0 0.190625 0.713542 0.112500 0.160417
2 0.521875 0.277083 0.087500 0.091667
2 0.782031 0.330208 0.126562 0.110417
5 0.165625 0.325000 0.043750 0.054167
5 0.235156 0.297917 0.023438 0.062500
5 0.241406 0.284375 0.032813 0.031250
5 0.412500 0.220833 0.025000 0.050000
1 0.057031 0.354167 0.073438 0.083333
1 0.301563 0.271875 0.040625 0.060417
1 0.379688 0.272917 0.046875 0.045833
1 0.459375 0.227083 0.062500 0.083333
3 0.017188 0.366667 0.012500 0.050000
7 0.302344 0.325000 0.601562 0.295833
