4 0.212500 0.283333 0.037500 0.050000
4 0.457813 0.316667 0.037500 0.108333
4 0.507031 0.329167 0.057813 0.070833
4 0.514844 0.353125 0.045312 0.085417
0 0.592187 0.300000 0.109375 0.116667
0 0.678125 0.307292 0.059375 0.052083
0 0.441406 0.416667 0.070312 0.091667
2 0.565625 0.363542 0.096875 0.097917
2 0.683594 0.363542 0.067187 0.093750
5 0.057813 0.291667 0.018750 0.020833
5 0.073438 0.286458 0.015625 0.043750
5 0.172656 0.235417 0.020313 0.033333
1 0.100781 0.269792 0.026562 0.039583
1 0.220312 0.225000 0.046875 0.041667
3 0.013281 0.304167 0.023438 0.045833
7 0.153906 0.289583 0.304688 0.154167
