4 0.092969 0.584375 0.082812 0.118750
4 0.653906 0.451042 0.085938 0.118750
0 0.283594 0.471875 0.079687 0.110417
2 0.510938 0.226042 0.068750 0.068750
2 0.711719 0.257292 0.092188 0.085417
5 0.210156 0.270833 0.035937 0.045833
5 0.272656 0.248958 0.020313 0.052083
5 0.418750 0.195833 0.021875 0.045833
1 0.118750 0.297917 0.062500 0.070833
1 0.321875 0.233333 0.034375 0.045833
1 0.392969 0.231250 0.039062 0.037500
1 0.455469 0.195833 0.054688 0.062500
3 0.079687 0.309375 0.018750 0.052083
7 0.289844 0.280208 0.576562 0.235417
