4 0.517188 0.231250 0.043750 0.054167
4 0.425781 0.400000 0.045312 0.129167
4 0.422656 0.459375 0.082812 0.114583
4 0.350781 0.502083 0.089063 0.112500
0 0.146875 0.552083 0.078125 0.112500
0 0.538281 0.461458 0.129688 0.206250
0 0.564063 0.545833 0.106250 0.133333
2 0.233594 0.580208 0.189062 0.177083
2 0.368750 0.644792 0.118750 0.156250
5 0.472656 0.171875 0.017188 0.039583
5 0.511719 0.167708 0.010937 0.018750
5 0.642188 0.145833 0.009375 0.029167
1 0.542188 0.167708 0.028125 0.039583
1 0.669531 0.150000 0.042188 0.045833
3 0.335938 0.195833 0.028125 0.037500
3 0.446875 0.158333 0.034375 0.045833
7 0.491406 0.196875 0.504687 0.131250
