4 0.454688 0.302083 0.034375 0.100000
4 0.880469 0.188542 0.032813 0.047917
4 0.953906 0.201042 0.029687 0.047917
0 0.762500 0.203125 0.034375 0.047917
2 0.598437 0.148958 0.056250 0.039583
2 0.759375 0.147917 0.053125 0.045833
5 0.383594 0.196875 0.032813 0.039583
5 0.435937 0.172917 0.012500 0.037500
5 0.442969 0.160417 0.026562 0.033333
5 0.366406 0.194792 0.017188 0.022917
1 0.333594 0.207292 0.045312 0.047917
1 0.421094 0.176042 0.020313 0.031250
1 0.488281 0.151042 0.042188 0.043750
1 0.507812 0.161458 0.021875 0.022917
3 0.280469 0.223958 0.029687 0.035417
7 0.364844 0.209375 0.423438 0.131250
