4 0.021875 0.792708 0.040625 0.039583
4 0.059375 0.739583 0.034375 0.087500
4 0.208594 0.706250 0.032813 0.087500
4 0.235156 0.740625 0.035937 0.110417
4 0.253906 0.684375 0.042188 0.052083
4 0.440625 0.632292 0.034375 0.043750
4 0.571094 0.596875 0.026562 0.035417
4 0.846094 0.602083 0.032813 0.075000
4 0.935937 0.587500 0.031250 0.091667
4 0.945312 0.554167 0.037500 0.045833
0 0.289062 0.908333 0.265625 0.183333
0 0.541406 0.678125 0.064062 0.077083
0 0.657031 0.610417 0.045312 0.058333
0 0.832031 0.564583 0.039062 0.041667
