4 0.518750 0.207292 0.037500 0.043750
4 0.446094 0.308333 0.029687 0.079167
4 0.446875 0.358333 0.059375 0.075000
4 0.392188 0.372917 0.065625 0.066667
0 0.234375 0.422917 0.053125 0.091667
0 0.532031 0.356250 0.092188 0.154167
0 0.550781 0.403125 0.073438 0.102083
2 0.308594 0.425000 0.139063 0.120833
2 0.410156 0.455208 0.085938 0.114583
5 0.478125 0.162500 0.015625 0.037500
5 0.513281 0.158333 0.014063 0.020833
5 0.632812 0.140625 0.009375 0.027083
1 0.539062 0.158333 0.021875 0.033333
1 0.657031 0.145833 0.032813 0.045833
3 0.356250 0.181250 0.028125 0.033333
3 0.454688 0.155208 0.034375 0.043750
7 0.493750 0.183333 0.446875 0.100000
