4 0.424219 0.246875 0.042188 0.056250
4 0.823438 0.297917 0.034375 0.112500
4 0.882812 0.317708 0.046875 0.081250
4 0.923438 0.331250 0.053125 0.075000
0 0.939063 0.285417 0.078125 0.104167
0 0.920312 0.382292 0.068750 0.060417
2 0.979688 0.369792 0.040625 0.122917
5 0.172656 0.258333 0.032813 0.025000
5 0.210156 0.248958 0.017188 0.056250
5 0.293750 0.204167 0.025000 0.033333
1 0.232031 0.238542 0.029687 0.039583
1 0.359375 0.196875 0.053125 0.056250
3 0.032813 0.321875 0.031250 0.047917
3 0.104688 0.268750 0.053125 0.054167
7 0.232813 0.291667 0.462500 0.212500
