4 0.421094 0.429167 0.051562 0.141667
4 0.946875 0.233333 0.037500 0.058333
0 0.816406 0.257292 0.045312 0.068750
2 0.601562 0.177083 0.062500 0.050000
2 0.789062 0.172917 0.062500 0.050000
5 0.326562 0.230208 0.025000 0.031250
5 0.346875 0.235417 0.031250 0.050000
5 0.414844 0.184375 0.026562 0.035417
5 0.407031 0.208333 0.020313 0.050000
1 0.287500 0.255208 0.062500 0.072917
1 0.388281 0.203125 0.017188 0.039583
1 0.471875 0.176042 0.043750 0.056250
1 0.492969 0.189583 0.026562 0.029167
3 0.223438 0.276042 0.034375 0.043750
7 0.325000 0.257292 0.490625 0.181250
