4 0.109375 0.284375 0.015625 0.056250
4 0.491406 0.308333 0.054688 0.075000
4 0.536719 0.267708 0.048438 0.064583
0 0.389062 0.255208 0.040625 0.056250
2 0.454688 0.776042 0.143750 0.185417
2 0.684375 0.162500 0.043750 0.054167
2 0.753906 0.192708 0.060937 0.060417
5 0.502344 0.155208 0.026562 0.027083
5 0.540625 0.148958 0.012500 0.035417
5 0.568750 0.147917 0.009375 0.020833
1 0.431250 0.158333 0.046875 0.037500
1 0.594531 0.144792 0.026562 0.031250
1 0.623437 0.150000 0.025000 0.029167
1 0.699219 0.137500 0.039062 0.054167
7 0.546094 0.160417 0.432812 0.079167
