4 0.900781 0.430208 0.073438 0.110417
4 0.991406 0.530208 0.017188 0.114583
0 0.537500 0.444792 0.084375 0.110417
2 0.642969 0.216667 0.073438 0.066667
2 0.858594 0.259375 0.089063 0.085417
5 0.520312 0.184375 0.028125 0.035417
5 0.321094 0.252083 0.032813 0.045833
5 0.371094 0.230208 0.026562 0.022917
5 0.395313 0.230208 0.021875 0.052083
1 0.227344 0.276042 0.064062 0.068750
1 0.433594 0.217708 0.035937 0.047917
1 0.517969 0.216667 0.039062 0.037500
1 0.564844 0.186458 0.057813 0.064583
3 0.182812 0.287500 0.028125 0.045833
7 0.394531 0.279167 0.598437 0.220833
