4 0.470313 0.206250 0.034375 0.045833
4 0.790625 0.226042 0.025000 0.072917
4 0.832031 0.236458 0.032813 0.056250
4 0.862500 0.237500 0.037500 0.041667
0 0.877344 0.198958 0.057813 0.043750
0 0.938281 0.226042 0.029687 0.035417
2 0.920312 0.260417 0.059375 0.083333
2 0.971094 0.257292 0.032813 0.060417
5 0.328906 0.184375 0.023438 0.031250
5 0.226562 0.227083 0.025000 0.020833
5 0.275000 0.213542 0.018750 0.043750
1 0.289844 0.208333 0.017188 0.029167
1 0.392188 0.172917 0.046875 0.037500
3 0.116406 0.275000 0.029687 0.041667
3 0.168750 0.235417 0.046875 0.045833
7 0.259375 0.243750 0.443750 0.170833
