4 0.297656 0.273958 0.039062 0.056250
4 0.802344 0.175000 0.017188 0.062500
4 0.827344 0.179167 0.026562 0.041667
4 0.857812 0.178125 0.028125 0.043750
0 0.802344 0.168750 0.048438 0.058333
0 0.923438 0.191667 0.028125 0.045833
2 0.886719 0.168750 0.023438 0.037500
2 0.909375 0.173958 0.040625 0.047917
5 0.014844 0.436458 0.026562 0.039583
5 0.016406 0.371875 0.029687 0.056250
5 0.196875 0.351042 0.034375 0.089583
1 0.089063 0.373958 0.043750 0.064583
1 0.130469 0.312500 0.051562 0.079167
3 0.088281 0.496875 0.064062 0.093750
7 0.220312 0.476042 0.437500 0.393750
