4 0.049219 0.325000 0.023438 0.066667
4 0.297656 0.288542 0.045312 0.060417
4 0.593750 0.245833 0.046875 0.062500
0 0.409375 0.253125 0.043750 0.060417
2 0.596094 0.154167 0.042188 0.045833
2 0.705469 0.173958 0.060937 0.056250
5 0.389062 0.171875 0.028125 0.031250
5 0.435156 0.157292 0.014063 0.039583
5 0.440625 0.159375 0.018750 0.022917
5 0.549219 0.135417 0.014063 0.029167
1 0.319531 0.181250 0.045312 0.041667
1 0.475000 0.152083 0.025000 0.033333
1 0.519531 0.152083 0.023438 0.025000
1 0.575781 0.129167 0.032813 0.033333
3 0.292969 0.188542 0.014063 0.022917
7 0.442188 0.180208 0.425000 0.127083
