4 0.195312 0.643750 0.053125 0.045833
4 0.622656 0.268750 0.051562 0.066667
4 0.704688 0.340625 0.065625 0.085417
4 0.664062 0.802083 0.134375 0.200000
0 0.349219 0.292708 0.089063 0.102083
0 0.693750 0.225000 0.040625 0.062500
2 0.743750 0.222917 0.053125 0.070833
5 0.392969 0.217708 0.026562 0.027083
5 0.414062 0.218750 0.021875 0.054167
5 0.544531 0.176042 0.029687 0.039583
1 0.451562 0.206250 0.034375 0.050000
1 0.607812 0.178125 0.059375 0.064583
3 0.210156 0.270833 0.035937 0.050000
3 0.314844 0.217708 0.054688 0.056250
7 0.420312 0.258333 0.590625 0.200000
