4 0.201563 0.630208 0.100000 0.135417
4 0.909375 0.614583 0.106250 0.154167
0 0.468750 0.532292 0.096875 0.131250
2 0.815625 0.240625 0.068750 0.081250
2 0.984375 0.323958 0.031250 0.089583
5 0.489844 0.228125 0.042188 0.052083
5 0.557813 0.212500 0.043750 0.020833
5 0.556250 0.214583 0.025000 0.062500
5 0.732812 0.180208 0.021875 0.043750
1 0.381250 0.240625 0.071875 0.072917
1 0.621875 0.204167 0.037500 0.054167
1 0.693750 0.215625 0.043750 0.035417
1 0.768750 0.189583 0.059375 0.075000
3 0.335938 0.246875 0.015625 0.052083
7 0.558594 0.255208 0.667188 0.189583
