4 0.091406 0.932292 0.067187 0.131250
4 0.391406 0.586458 0.104688 0.143750
4 0.651563 0.317708 0.059375 0.081250
4 0.766406 0.432292 0.082812 0.114583
0 0.729688 0.260417 0.046875 0.070833
0 0.321875 0.347917 0.109375 0.129167
2 0.789062 0.259375 0.065625 0.089583
5 0.378125 0.238542 0.025000 0.027083
5 0.403125 0.244792 0.025000 0.064583
5 0.552344 0.190625 0.032813 0.047917
1 0.624219 0.197917 0.067187 0.075000
1 0.451562 0.228125 0.040625 0.056250
3 0.172656 0.307292 0.039062 0.060417
3 0.295312 0.242708 0.056250 0.064583
7 0.414844 0.295833 0.673438 0.245833
