4 0.220312 0.858333 0.143750 0.187500
0 0.542188 0.664583 0.125000 0.158333
2 0.771875 0.253125 0.084375 0.085417
2 0.985938 0.333333 0.028125 0.095833
5 0.396094 0.266667 0.048438 0.062500
5 0.464844 0.229167 0.032813 0.029167
5 0.475781 0.245833 0.023438 0.070833
5 0.643750 0.190625 0.028125 0.056250
1 0.274219 0.284375 0.082812 0.089583
1 0.532813 0.228125 0.043750 0.060417
1 0.623437 0.236458 0.046875 0.043750
1 0.690625 0.201042 0.065625 0.077083
3 0.225000 0.295833 0.021875 0.062500
7 0.473438 0.293750 0.718750 0.250000
