4 0.200000 0.371875 0.046875 0.018750
4 0.274219 0.358333 0.057813 0.058333
4 0.282031 0.376042 0.032813 0.110417
4 0.881250 0.215625 0.040625 0.056250
0 0.088281 0.369792 0.039062 0.052083
0 0.093750 0.453125 0.056250 0.081250
0 0.231250 0.446875 0.131250 0.168750
2 0.127344 0.386458 0.092188 0.093750
2 0.158594 0.497917 0.070312 0.104167
5 0.777344 0.159375 0.017188 0.039583
5 0.904687 0.185417 0.031250 0.033333
1 0.938281 0.194792 0.035937 0.035417
1 0.969531 0.187500 0.042188 0.058333
3 0.684375 0.158333 0.028125 0.029167
3 0.820312 0.145833 0.053125 0.045833
7 0.778125 0.194792 0.443750 0.135417
