4 0.425781 0.509375 0.095312 0.127083
4 0.470313 0.446875 0.084375 0.106250
4 0.547656 0.453125 0.054688 0.164583
4 0.807813 0.207292 0.037500 0.052083
0 0.089063 0.528125 0.071875 0.102083
0 0.335938 0.622917 0.106250 0.150000
0 0.657813 0.540625 0.153125 0.239583
2 0.235156 0.522917 0.167187 0.154167
2 0.646094 0.634375 0.120313 0.172917
5 0.631250 0.167708 0.018750 0.043750
5 0.771094 0.171875 0.035937 0.039583
1 0.821094 0.177083 0.029687 0.025000
1 0.834375 0.167708 0.043750 0.052083
3 0.518750 0.184375 0.031250 0.031250
3 0.623437 0.153125 0.050000 0.043750
7 0.642969 0.189583 0.532813 0.083333
