4 0.221094 0.422917 0.060937 0.083333
4 0.251563 0.387500 0.056250 0.070833
4 0.301563 0.378125 0.043750 0.114583
4 0.528906 0.201042 0.032813 0.039583
0 0.007812 0.481250 0.012500 0.070833
0 0.169531 0.485417 0.067187 0.100000
0 0.378906 0.405208 0.110937 0.152083
2 0.093750 0.454167 0.109375 0.116667
2 0.366406 0.453125 0.079687 0.110417
5 0.376563 0.190625 0.015625 0.035417
5 0.502344 0.178125 0.029687 0.031250
1 0.543750 0.171875 0.021875 0.018750
1 0.560156 0.163542 0.039062 0.043750
3 0.282031 0.217708 0.026562 0.031250
3 0.373437 0.182292 0.043750 0.039583
7 0.395313 0.211458 0.453125 0.131250
