4 0.435937 0.373958 0.062500 0.089583
4 0.467969 0.344792 0.057813 0.081250
4 0.521094 0.338542 0.039062 0.118750
4 0.746875 0.189583 0.031250 0.041667
0 0.181250 0.406250 0.056250 0.079167
0 0.382031 0.432292 0.073438 0.097917
0 0.596094 0.376042 0.107813 0.156250
2 0.300000 0.389583 0.121875 0.108333
2 0.585156 0.420833 0.079687 0.108333
5 0.598437 0.163542 0.015625 0.039583
5 0.721875 0.163542 0.025000 0.027083
1 0.767188 0.165625 0.021875 0.022917
1 0.778906 0.157292 0.032813 0.043750
3 0.500781 0.175000 0.029687 0.025000
3 0.593750 0.154167 0.043750 0.041667
7 0.611719 0.187500 0.454688 0.087500
